2.5310686362289317e-05
2.5310686362289317e-05
5.0621372724578634e-05
0.00010124274544915728
0.00015186411817373591
0.00017717480453602522
0.00017717480453602522
0.00020248549089831453
0.00020248549089831453
0.00022779617726739182
0.00025310686362968113
0.00027841754999197047
0.00027841754999197047
0.00027841754999197047
0.00027841754999197047
0.0003037282363542598
0.00032903892271654914
0.0003543496090788385
0.0004049709818034171
0.0004302816681657324
0.00045559235452802174
0.00045559235452802174
0.00045559235452802174
0.00045559235452802174
0.00045559236282551133
0.0004555926279680194
0.0004555926279680194
0.0004809033143303087
0.0004809033143303087
0.000506214000692598
0.0005568353734171767
0.0005821460597799718
0.0006074567461424905
0.0006327674325076209
0.0006327674325076209
0.0006580781188699102
0.0006580781188699102
0.0006833888052354886
0.0006833888350310193
0.0006833892981818015
0.0007086999845440908
0.0007340106709063801
0.0007340111506521415
0.0007340111506521415
0.0007340115172503176
0.0007340115953221514
0.0007340117427911708
0.0007340118574473906
0.0008352546038874616
0.0035434980446508047
0.006960440702898831
0.010250829920201664
0.01493330689460618
0.02009668690860522
0.02538662035842513
0.03148649577059134
0.03819382765379454
0.04449618855767727
0.052772782998325427
0.06190994076913805
0.07122427333566918
0.0815257226840372
0.09248524987779266
0.10172365037628373
0.11417650805095579
0.1267052977974522
0.14004402949270917
0.15378773218654068
0.1679870271561572
0.18008553518341283
0.19572753926513733
0.21225541741107487
0.22949199479360805
0.24713354318804823
0.2654584801147533
0.2804170957488465
0.30013412016199614
0.32063577611015415
0.34141584960894694
0.3627527581018988
0.3843933949359149
0.4024652245908306
0.4258269880656287
0.44966964135308807
0.4739678536390646
0.4983926204774205
0.523348938644256
0.5437746447572005
0.5689081336750708
0.5936113393454009
0.6180107806990003
0.6421064501351094
0.6609880585144646
0.6841723772441951
0.7070022279995647
0.7294272409447184
0.7514976561601938
0.7731124092990677
0.79004470638776
0.8107986793884429
0.8312235164606687
0.8512689801137746
0.8710861964689957
0.8905236516914131
0.9059621355810012
0.9249945505744572
0.9439257116778234
0.9628066985280601
0.9817378664370862
1.0007196417815374
1.016006276466521
1.0349627514355801
1.0542482461256282
1.0732810712712715
1.0921616363105653
1.1111181616617454
1.1265820837589713
1.1461462353883016
1.1659639222056186
1.1861610235762183
1.206991005372273
1.2281247996801419
1.24520907115202
1.2590793153673399
1.2598639466157078
1.2599145679121364
1.259914692547847
1.2599400032342132
1.2599906246069414
1.2603449735187688
1.261281467222617
1.2623192023255076
1.2633822480125971
1.2641668769406769
1.2655842708533753
1.2676091218876038
1.270595772566827
1.2739873933703776
1.2780624013359825
1.281833681087025
1.2869717352765397
1.292261656478766
1.2982602721427214
1.3049169649639905
1.3125607670822559
1.3192174573154756
1.3282027262111982
1.3375170473441582
1.3477425585770009
1.3586514643457497
1.367738000711845
1.37968464467028
1.3921628130469468
1.4051978159268546
1.418739020427603
1.4329129658340616
1.4445811732087257
1.459742273356057
1.4752830341317449
1.4916843584685335
1.508566586249034
1.5261828234720907
1.5405086621643695
1.55898541266616
1.5778164933420202
1.5976094067280553
1.6173769878288415
1.6371698018457974
1.6527862927501673
1.6720473200646648
1.6915361421133206
1.7114042281512094
1.7309431056727167
1.7502033939541064
1.7653128003292011
1.7836109895948393
1.8020108860767416
1.8200305452916352
1.8375692175111167
1.8548294615918304
1.8690274681048837
1.8870472523173905
1.9055485505245435
1.924479762717954
1.943917292592886
1.9596850219922228
1.9793251660609867
1.9990665527558882
2.0189095802652566
2.0392585806287027
2.060012662153617
2.0769196929721168
2.0984079434416905
2.1202252899627054
2.142295974956164
2.1647968895863143
2.187677480508022
2.2060274853470134
2.2286802624157285
2.251358315778391
2.274188358551446
2.2970689428701463
2.3196458436033986
2.3377680647700823
2.3603196297640814
2.3830991624639433
2.4058787113899514
2.428557028308611
2.451614977722759
2.4697374080676804
2.492415782651819
2.5149422717040157
2.537544642115644
2.560349523232751
2.5830278564497164
2.6012515025065754
2.6239551024726873
2.646810635978405
2.6696914957927174
2.692420492002862
2.7149470010256835
2.733044141201551
2.755798400386535
2.7783248564418095
2.8010537630167516
2.8237573940737533
2.8421835087010776
2.8650136517274096
2.8877678055442275
2.9103447819898727
2.9328710691979496
2.955523807850976
2.9732156527948557
2.9951342849269933
3.0170528921077446
3.0389210132965814
3.0610674073821444
3.083315060079835
3.100956250448136
3.122925459479801
3.1449454705909816
3.166864103017203
3.1890864600248676
3.211157013344195
3.2290766875229364
3.251754788231301
3.274179975086086
3.296630515628669
3.3194860548006133
3.3422656716336525
3.3605652782406685
3.3830916957793926
3.4058712194715004
3.4286505701296486
3.451227396865078
3.473272611771752
3.490610059599906
3.512250227586309
3.534118393827294
3.5561382609416827
3.5781581553381336
3.5956727736244973
3.6177179555503898
3.6396619134124903
3.661656649256895
3.6836512737919085
3.705671161779934
3.723261720628227
3.7450031451798287
3.7667445813051357
3.788663370934887
3.8106832781006026
3.832804392790982
3.850369632663538
3.8721870200017006
3.8941057979120144
3.9161763397404434
3.9382468523149807
3.9602414260650454
3.977832031762592
4.000155746338548
4.022631455303967
4.045309568258491
4.068038313222709
4.0908429891005
4.1089147034054445
4.131694245815618
4.154625701541767
4.1775824512425705
4.200108918876392
4.222559411640912
4.240656478252523
4.263360106737094
4.286089073560568
4.308868641919222
4.331774724470604
4.349973053120752
4.372676704129075
4.395506902120054
4.418210546899429
4.4409647515891475
4.46338995538051
4.481588295197589
4.504291924767363
4.527172718134722
4.550002913504521
4.572554698218232
4.595334278925969
4.6135832351051045
4.636565271253209
4.659091728215681
4.681491616671932
4.704220550278153
4.727177278497298
4.7453756184914315
4.768028633420701
4.790529772505829
4.813334525035721
4.836164521571289
4.85853880659605
4.875977521874192
4.897744264917353
4.919511183681062
4.941379226411804
4.963399142319696
4.985343113821889
5.002933677851447
5.024523183745649
5.045834436538108
5.067069576864013
5.088380634175846
5.109818219888883
5.126573417961652
5.147504783006286
5.16848697462587
5.189620825791156
5.211261011048425
5.228978185720625
5.25150437684648
5.274131854322131
5.296936672620037
5.3194631276397795
5.342343967751333
5.360643588166112
5.3832966517916425
5.405645987819374
5.428197809367669
5.451053359152241
5.474010151636678
5.492031360208433
5.514608490288254
5.537514659179754
5.560319587564189
5.582922030189084
5.605321987035197
5.623343195686919
5.646072191887297
5.669028979719418
5.6918591723008225
5.714410846998426
5.737342024844674
5.755337650826602
5.777813132977178
5.800010332790362
5.821979591310784
5.843948845762198
5.865892808490359
5.883609946868454
5.905882996278898
5.928485255738886
5.951239384093976
5.973588677011499
5.9915592581443216
6.014288253143186
6.037219707982178
6.059923356527838
6.082576281009427
6.105279738458002
6.123528555322673
6.146383842431027
6.168834088663435
6.1906769182275365
6.2120892669701115
6.23327375455053
6.250307385045917
6.271669051807194
6.292828435130118
6.314038213812162
6.335096165133854
6.3562806698242404
6.3733649764575855
6.39508112956454
6.417050542431863
6.439298281126478
6.461647293466503
6.484350681365071
6.502574167445935
6.525226997667265
6.5478545842075855
6.5704314609419905
6.593058973972587
6.6158130572787295
6.6340618505151445
6.6563348966978095
6.678177745248171
6.699893895793731
6.721559406267458
6.743098273737012
6.760131897207275
6.781316358722738
6.802551633884663
6.823761392689802
6.844920559679154
6.861928899304598
6.883290550224164
6.904550952189393
6.925583706289058
6.946211168951238
6.966560156298873
6.982808986019535
7.0033351972208875
7.023861449564151
7.044362620248483
7.064812940316296
7.0854405243181775
7.102221038112181
7.123405546847273
7.144691328944117
7.165876013567307
7.187060455680188
7.208194292989389
7.224924158981291
7.245880843865641
7.2671161540740234
7.2883765634514
7.309814222910665
7.3315303655018065
7.349247546861973
7.371672564363994
7.394401476507939
7.417231620010301
7.440137695809058
7.462588180180907
7.4805587058600524
7.503237009093521
7.526143129334658
7.5489479822618115
7.571575710177045
7.594127530862001
7.612376535532024
7.635358638743443
7.658037012905579
7.6804875912271955
7.702862237643575
7.721212484415076
7.744042723501018
7.766721098067432
7.7892982302050395
7.811925983168516
7.834908086326541
7.853182401824621
7.875734222695555
7.8979570048746846
7.920610068851322
7.943541549960223
7.966295856659285
7.984317064967341
8.00691950760126
8.02969912479089
8.052630606522168
8.075233048616138
8.097658316430284
8.11555297160442
8.138357899903072
8.161340003071565
8.183967756372025
8.206468956099968
8.229147330589992
8.247446956761719
8.270302506473277
8.292803706649012
8.315228974629132
8.337856728236796
8.360788210044385
8.378986592950694
8.401462480623158
8.424064921161124
8.446920470238611
8.46992788342439
8.49247970475309
8.510374359768043
8.532774317182627
8.555579245510915
8.5785107269375
8.601214410873359
8.623639677464087
8.641888680939587
8.664896094826947
8.687549159069517
8.709974426682026
8.732425005188963
8.755179312000017
8.773453627535163
8.796283866038856
8.818810370702677
8.841438077405178
8.864445348490392
8.887250052086095
8.905220346022347
8.927316154683512
8.949007151929266
8.970748553938222
8.99200901586305
9.00901734770134
9.030227137103479
9.051335662612708
9.072495030313782
9.093730145467456
9.114990583598837
9.132150760360133
9.1534871603215
9.175102045270236
9.196894269274907
9.218509178197472
9.240427827680334
9.258018404084648
9.28013960049866
9.302564555541947
9.325344047972978
9.348072966807058
9.370801929697725
9.389101545130316
9.411779917360272
9.434230495543954
9.456858242104238
9.479485951090211
9.502417283285592
9.52066605694734
9.543344120458237
9.565591988969954
9.587738451858865
9.6094545840874
9.630790902687027
9.64764729827319
9.668705170208282
9.689763284655005
9.710998359945135
9.732284096228874
9.753443273600011
9.770400955240264
9.791484197617761
9.812795432324092
9.833954632761978
9.855240410535849
9.87650082913671
9.89340787122933
9.914415164438221
9.935296108195764
9.95637933830841
9.977968894084173
9.99566073008533
10.01780724856751
10.0404853599896
10.063011791380415
10.085664809030524
10.108469725308698
10.131350583500579
10.149523655482957
10.17172112729923
10.194247638122082
10.217229741239239
10.24018653274741
10.258157120049484
10.280810183054331
10.303463245372102
10.3262681731894
10.348997167137002
10.371473055842134
10.389367711062345
10.412122018032994
10.435129431748077
10.45775718524004
10.480334316227058
10.503038000228605
10.521312315623472
10.544167865096625
10.566820928741436
10.589170264796936
10.611646154258187
10.634527014600934
10.652826640823287
10.675530326400281
10.698132767086516
10.720963004340707
10.743742622051363
10.766345064655157
10.784518136863738
10.80676623007255
10.829520537063752
10.852477329592144
10.87525694730039
10.89327815463656
10.915905903484433
10.93871083189387
10.96156638084176
10.984092890496928
11.00651815860644
11.024589988650588
11.047470848840822
11.070452951968035
11.092954152078017
11.115505971480141
11.138285587791415
11.156559903193548
11.179339520542323
11.201790099075184
11.224265988554787
11.24689374213099
11.269875845103499
11.288200782009993
11.31060073862284
11.3333297323668
11.356185281783068
11.379015520230057
11.401466098336709
11.419512617713355
11.441963196511859
11.464844056717906
11.48785145310034
11.510453836129814
11.533132129495383
11.551406370665894
11.574312491796238
11.596965530526585
11.619441374724637
11.641993132483524
11.660242080335001
11.683198823978135
11.70600369682211
11.728783268251846
11.751537482012768
11.774241100970107
11.792287566646829
11.814915128169767
11.837593205099658
11.860575114214434
11.883177296389581
11.906057868162332
11.92418013999092
11.947212737965012
11.969789832873504
11.992215050067685
12.014817485724109
12.03764772480993
12.055896729583203
12.078549793877954
12.101152236774931
12.124058407171212
12.147015199597691
12.169718882384304
12.187562916258724
12.209886941565902
12.23261593711958
12.255496797248966
12.278301706094874
12.296322860815435
12.319077093740846
12.34208444486166
12.364939958381788
12.387542343986365
12.410018150619807
12.427963355080168
12.450793526745482
12.47359839910795
12.496377974917051
12.519081575776823
12.54196236397875
12.560236639837646
12.583066854070319
12.605694598169597
12.628145172549699
12.650747615041297
12.673451300170854
12.691624370442332
12.714429278652412
12.73725948836995
12.760089661967019
12.78291974904479
12.805597916451031
12.823542958667248
12.845917237001029
12.86816504785727
12.890210227178786
12.912255388002139
12.93422460093401
12.951967004629523
12.974189328610526
12.996437114787886
13.018507581069969
13.040502080838792
13.057966084031971
13.080036566109577
13.102157702003186
13.124278969023683
13.146425358905883
13.168470490718882
13.186061053774479
13.208156869184808
13.230379249091389
13.252500521537781
13.274444413251832
13.296388306222969
13.314054771430591
13.336277104576629
13.358347754611355
13.380392925818484
13.402438090608255
13.42445794988592
13.442124444272242
13.464220260930682
13.486392122460328
13.508589136385684
13.53058363448301
13.552476907002877
13.570067473648631
13.592163299434205
13.61441113354828
13.63653221363946
13.658501427855283
13.680597184202762
13.698162443867922
13.720283576641565
13.742455458992067
13.764475326267174
13.78646985401699
13.804136327671463
13.826080269290538
13.848252009078822
13.8704238977678
13.892443765829054
13.914387688621067
13.932054190552844
13.954074086419956
13.976271135622676
13.998367078404081
14.020437507038311
14.04253323176478
14.060123768908369
14.082067701247826
14.104214297063734
14.126310080947516
14.148405869751599
14.170704183947032
14.188876989337057
14.21190956425911
14.234562594584169
14.256962496482865
14.279539555775521
14.302217857917139
14.32046681905376
14.343271702645756
14.36615251580939
14.388957397867754
14.41171170306894
14.434390077253632
14.452335353550133
14.474937795401758
14.49759085778022
14.520218610925212
14.542972916932312
14.561247231148842
14.58400153541316
14.606781152800636
14.629586080134722
14.65213790155393
14.67453783128599
14.692887977958575
14.715642069476749
14.738345510251415
14.760897132474396
14.783246049520805
14.805113972113075
14.822274089314094
14.84335723208034
14.864136813319067
14.884561764093016
14.904657536040782
14.924525474435303
14.940217188731229
14.959603961428916
14.978662103477944
14.997365361698556
15.01581544668481
15.034164316440801
15.048843371048635
15.067242913011357
15.085921389915956
15.104979101195287
15.12418865249159
15.139424654236755
15.158533010965026
15.177590768930576
15.196775517211947
15.215985137710744
15.234789635428937
15.249443337792979
15.268045381886227
15.287103137831428
15.306490423170127
15.32628247890823
15.34663148771766
15.363310684060933
15.384444520919205
15.406008903535495
15.428054051629921
15.450428346003381
15.472954684968398
15.491051757962623
15.514033832111105
15.536762825281562
15.568451763713123
15.581942359544518
15.60036850080273
15.623299934353044
15.646003561882582
15.668580649277693
15.691107078871386
15.713937262068672
15.732186231117105
15.75486455705991
15.777568180875877
15.800423686652039
15.82338044033485
15.846185326782447
15.864383660409738
15.887036637493493
15.91049959800565
15.934114427919365
15.957830494268558
15.976838764905779
16.00070661934814
16.024245397701886
16.047708289845254
16.071044585825575
16.0943555367806
16.112832150453723
16.135940596877493
16.15902382035202
16.182436020948682
16.205797631954113
16.239030307487084
16.2484205721277
16.272465698108082
16.29656147069725
16.320277582590514
16.343689967467164
16.362521117649923
16.38643971623117
16.410307693421675
16.434049116252467
16.457739918638744
16.481683827929285
16.5010211920707
16.52478792653763
16.548175000736514
16.571688627277
16.59558191420661
16.619525823369482
16.638458216413458
16.66217432916487
16.686143549074174
16.710188680008738
16.733980659881446
16.752659870820015
16.776148015279066
16.79963615118449
16.823099028138127
16.846637798090327
16.870353788354297
16.889615139453827
16.913634913829164
16.937325685947574
16.960788621838013
16.98447933244697
17.00827130438737
17.027507379221404
17.051299346486523
17.075040704537415
17.09900983471901
17.12287775832472
17.155933343087476
17.165399539787185
17.18903965557821
17.212831627228947
17.236674240221937
17.260668704435943
17.27985417026056
17.303772766930948
17.327412947644678
17.350875951078315
17.384311367269994
17.393802874656064
17.41746835770891
17.441209727910017
17.465052354829552
17.48909746785562
17.512762918752777
17.53182179152909
17.55543650258997
17.578772841487666
17.61147363286326
17.625521063794636
17.648781387745306
17.667283345330546
17.690822167984805
17.714740731180935
17.738760542983755
17.76247665080078
17.78133311171494
17.804720185611924
17.828537541479353
17.85250675546431
17.876349368713022
17.900116021376338
17.91912426417466
17.94316935075563
17.96696136327468
17.990398998150557
18.014013783594212
18.037704498952042
18.05686464447475
18.080757863742498
18.10454986094742
18.12849366485678
18.152437501441348
18.171091450880045
18.194858122966277
18.218548836654957
18.242340830503593
18.26613280454506
18.299745233110386
18.309110187064643
18.33302869917462
18.356668794576734
18.3800303997627
18.403594458758313
18.426930703054982
18.44591357336383
18.469680211111395
18.493320366308584
18.527008886193467
18.54133473467484
18.559988685680626
18.583527556604164
18.607294218757406
18.63126335560703
18.65492867794866
18.678113075729932
18.69674159019085
18.720128508072236
18.743464792855335
18.766801105039047
18.789782998485574
18.812840824862
18.83129217919809
18.85485623630735
18.877990093495118
18.901174485193422
18.924333591122316
18.94761926316839
18.966424967876556
18.98971062157575
19.012920374146173
19.035801039500594
19.058934825482076
19.082119237251334
19.100773070191366
19.124008052458276
19.146914048136928
19.169414969386132
19.19211837231693
19.210240586882453
19.232766767663293
19.254913301516986
19.27718649807446
19.299535540395564
19.322087058924815
19.340133334639777
19.36265951849447
19.385185725107387
19.416747252543036
19.43036440180625
19.45276408641324
19.470810307885174
19.49313398631549
19.51538182871703
19.537832085175516
19.560408894526397
19.5829857212498
19.601133228261208
19.636921115066812
19.64593171941199
19.66858452786676
19.691262668666813
19.71421926110481
19.73254403550604
19.75555123494891
19.778760966382155
19.802122613774586
19.825231078042766
19.857146748949393
19.866157353294568
19.88843040193286
19.91050106532185
19.932318447493024
19.954211722224525
19.97119481728907
19.992683134326395
20.014247405882628
20.03609025425425
20.057781043705134
20.078965453602233
20.095923074225563
20.11675312578552
20.13778570520213
20.158869158208844
20.179977685059473
20.200757166479974
20.217335147444
20.23803862379754
20.258590425825282
20.278939426640488
20.29918719232996
20.31938435957136
20.335607850291577
20.355678414464133
20.375951757895585
20.396148887425184
20.41637134223524
20.43669505878368
20.465115846733255
20.47326588774209
20.493716488250264
20.51441996947802
20.535123456688222
20.556054740610293
20.5728605181003
20.59389306945306
20.614849920715766
20.635882462472193
20.656915085788803
20.678302164055676
20.69571556339828
20.71760887876026
20.739502329406218
20.7611425162775
20.782681418710204
20.79989231889858
20.821481936910985
20.843147482425675
20.865142241857285
20.887516584889223
20.909890950330468
20.927886612239032
20.950640647128868
20.97304033608588
20.99554133684146
21.01778904945807
21.04001150204243
21.057905873665064
21.08045739350789
21.10308493869106
21.12563643406497
21.148187968111237
21.171119240338857
21.18977310194372
21.213362546174434
21.237281085437747
21.260642816098958
21.284080509698892
21.307948483475517
21.327285806954094
21.35095119855433
21.3745659542633
21.39800341137171
21.42133960731559
21.444447928186886
21.462392900198303
21.485070920792722
21.507622510900056
21.5394117469955
21.553079517631442
21.57122698695343
21.593904998763495
21.616734974559098
21.639894126138937
21.663534169142252
21.687427376978814
21.706410335014954
21.73007576967952
21.753893067367887
21.77798879937542
21.801957961769588
21.825294360947463
21.8441507817971
21.867664354323885
21.89163354339028
21.915526777868898
21.93916689754258
21.962933550575503
21.98229618318057
22.00611353320463
22.029525917692567
22.052938302215633
22.07673032310937
22.100648841039906
22.119758343719496
22.143449081053205
22.16721576245705
22.19118490145935
22.22431603319697
22.238262221382907
22.256536368178526
22.279746105201767
22.302879991344337
22.326266879463606
22.349501913087167
22.367927939906508
22.39106173409878
22.414625840122742
22.43801279198598
22.461070618743065
22.484077797215704
22.502453178648345
22.525840072360268
22.549100416639913
22.572462038863033
22.5953426469626
22.617970083458815
22.63588983640858
22.672006675747888
22.681017280093066
22.703087936664847
22.72490524751629
22.746317551888726
22.763401766822643
22.7845608813004
22.80554280496988
22.826474355012778
22.847506874116192
22.876663121851195
22.885167512469103
22.90627604470562
22.92761263495558
22.94925279885743
22.970690512946337
22.992204174497715
23.00966825800935
23.032067949728695
23.054973969684205
23.087446988413454
23.101595662090293
23.125185126446958
23.144218731507095
23.16801074165592
23.191701534909622
23.21539233306898
23.239032508879134
23.257888928935923
23.28175685208295
23.31997572840389
23.329416614417234
23.3533857351718
23.377127080472693
23.39588226755655
23.419547721704603
23.44326377529577
23.467030466561077
23.490746532163843
23.51453851259546
23.548074851941475
23.55769291275936
23.58133302947215
23.604669458968015
23.628284290919208
23.652253448568644
23.671160500847122
23.69492717222669
23.718643249090952
23.742713656803307
23.776199478076006
23.79027221969375
23.80882491284871
23.832389113397145
23.856332993014288
23.880200918711395
23.90384104370915
23.927607702731073
23.946818463191683
23.97078764841136
24.00364074968293
24.017637559241585
24.04137890817092
24.065246830549743
24.084432292686234
24.108072401441884
24.13194030142347
24.155782900553458
24.17949897747011
24.19855788638965
24.23627047428657
24.245736670986272
24.26957930494584
24.29329537389387
24.31716329480389
24.33634872205066
24.360039465921087
24.383578377911174
24.407218534205814
24.431086460448196
24.464268593017138
24.473633546971392
24.497324288024032
24.52124286164132
24.54523738880055
24.56885224755294
24.59244172897548
24.611298116463846
24.635115416341677
24.65888210513294
24.692140042313518
24.70601029844037
24.72924535477033
24.747747305012748
24.770653198588747
24.793154109523872
24.8153260750065
24.837573852460224
24.85992292085814
24.87784264735224
24.914010026468997
24.922792834636905
24.945420390197807
24.96809853018174
24.991308230389716
25.01003797573083
25.033247666948704
25.056153602183308
25.07918620087863
25.102750270899534
25.13598300796186
25.145449204661563
25.1692158437355
25.19310911532597
25.217002402555558
25.240743818632573
25.26423210424321
25.283164435138406
25.306779124886962
25.33024198478272
25.362461477181643
25.376154558503952
25.39860474670183
25.416347088158435
25.438037723087398
25.459323592072955
25.4803813945058
25.501363301691104
25.522522444750788
25.53942944833759
25.573190505135276
25.581543031635018
25.602372982274797
25.62305104639682
25.64334936822224
25.659167752280432
25.678909077732833
25.69857483010187
25.71813890938183
25.73765232166374
25.765035462200263
25.7727805322273
25.792369949132613
25.811985058542795
25.831599811548212
25.85131577427056
25.87095577510704
25.886470293240354
25.906059640562443
25.925700020776137
25.953386466549613
25.96492813953107
25.984947977629695
26.00119671305093
26.021672158307226
26.041869581929816
26.06259828632499
26.08363080394051
26.104764607377792
26.12167170701059
26.156547521446456
26.16527970824164
26.187299604043147
26.209724560505457
26.23265580657835
26.25128428645797
26.27479774374273
26.298184752897324
26.321774250839347
26.345566291147463
26.378925775563875
26.38844259363631
26.412158705026393
26.436026681613317
26.45991996764308
26.483484216495704
26.506921911925534
26.525803682632
26.5496463487926
26.573615568660095
26.606620700749772
26.620870617172052
26.644789215226083
26.66400002595363
26.687589585427123
26.710951348880908
26.734566218813924
26.7584341960535
26.78232748355778
26.80128518757944
26.839403076798177
26.84894520555697
26.872838492784954
26.89637742929816
26.915132647882555
26.938671585994427
26.96251425234571
26.9865340935174
27.01019958497849
27.03391569753069
27.067351114079646
27.07696917489753
27.100584044299925
27.12397111792947
27.147560677305123
27.17137803271215
27.190639463592188
27.21425433342228
27.23794513276977
27.261889041055564
27.295273836318188
27.30939719930866
27.328152417799778
27.351741976978655
27.375559332814664
27.399427310037826
27.423042180337333
27.446758290448333
27.466070342786175
27.49001425208159
27.52762593061316
27.536990884567416
27.56055513067312
27.584397782022656
27.603608555559546
27.627324599861673
27.651116547058162
27.6749085359416
27.698700522840394
27.722441847459418
27.755041178941596
27.764380822209496
27.78741336817069
27.810344554952575
27.83309854035169
27.855751233691873
27.873746820778784
27.89639952545093
27.918976453108364
27.94165451663352
27.973443609635133
27.986908894780164
28.004879172996656
28.02735470527022
28.050007546480707
28.072736209977588
28.095363623656255
28.117813858713458
28.135961335824593
28.158614079034717
28.190378002373993
28.204020462323573
28.226597237353914
28.249199275466058
28.267093636206873
28.28959450206324
28.312272690646978
28.334925425978902
28.357578146070285
28.380053671836688
28.41184260955628
28.420853213901452
28.443582004416342
28.466082890284486
28.48845718723796
28.510958059814705
28.52918148886067
28.551808946113226
28.57443649067212
28.59706389296012
28.628498702395135
28.64216647303107
28.660086207856637
28.682814869814322
28.705391761253978
28.727917887706305
28.75041872115666
28.768566176974435
28.791345462720273
28.814023497619804
28.845610195454746
28.859252655404333
28.88253827062789
28.90126803233722
28.924730800031476
28.94816825032144
28.971479222178125
28.9946888779814
29.018075767931915
29.036856130858734
29.074365581661024
29.0835786714971
29.10711750395772
29.131137247041913
29.15515701662982
29.173912181905287
29.19729918697041
29.220812757919557
29.244731288877155
29.268649816676543
29.301857208268267
29.311374026340705
29.335317848461376
29.35913517960159
29.38285123773498
29.406415410471734
29.430004880551117
29.449013145000336
29.47288108552468
29.49672374576605
29.53023509030761
29.544409074670806
29.568099815013642
29.587082758182028
29.61062164695257
29.63428711235155
29.65810440381372
29.681896377726353
29.700904660926277
29.72474729632997
29.763067397293064
29.772482972620047
29.796148390458747
29.819687267566454
29.838417140689376
29.862285059026398
29.886254211165724
29.909944985770657
29.933585125169074
29.957630226477143
29.991014804660892
30.000531622733323
30.023918660336733
30.04733098856731
30.07127484133193
30.095269316702563
30.114151047589274
30.137841799514746
30.161785673070245
30.18595734392572
30.2189117099364
30.232933830181423
30.251714299677865
30.275531606600943
30.29942486077245
30.323115616548513
30.346806352524034
30.370750185327026
30.389834417059664
30.41367705457522
30.446656642713762
30.46093186982241
30.484496051871194
30.503529651453945
30.527296336231565
30.551138924650548
30.575057488616906
30.598748256764853
30.622590898579816
30.641523245931086
30.67946352173605
30.688904407749398
30.712443315150043
30.73628592095232
30.760128520597487
30.779313963827082
30.802878170976044
30.82664487784608
30.850614046152387
30.87448195555201
30.90733505175226
30.91672531639288
30.940466677726526
30.964435863428797
30.988329104760123
31.011918620364575
31.0355587560255
31.054845461559367
31.078764014291142
31.102404176763585
31.135232110602733
31.149583269770464
31.17340062555279
31.192459571193403
31.216074440334975
31.239790553454764
31.263911636910464
31.287728989750196
31.30658542865322
31.32999775519933
31.36793777817564
31.3773027321299
31.400385816272365
31.422937278567108
31.44078102857945
31.463408449258207
31.486137137439897
31.508764670990406
31.531366787457507
31.553842351466198
31.58550476801132
31.59456599372922
31.617269465238248
31.639820920576124
31.662422989893525
31.68494912988359
31.702970073857244
31.725749379582375
31.748376936004224
31.771029654223252
31.802514991139645
31.8161068297165
31.83420371532467
31.856982959172242
31.87961048071826
31.902060684221325
31.92461215675389
31.947239588555988
31.965336474573007
31.98806509738673
32.01967697849275
32.033294127755966
32.05587091815782
32.07389186406087
32.09656993407575
32.11932388699847
32.14179954861302
32.164224481760044
32.18680129647996
32.20502474007347
32.24126806602984
32.25025335968865
32.272779698490424
32.29581222236448
32.31902188726788
32.337776969632856
32.36146758449393
32.38520890825402
32.4092792705801
32.43340027500984
32.46721513204696
32.476934435610296
32.50103014236768
32.525075255467534
32.549272209371374
32.573545056483916
32.59769133856772
32.61685142446829
32.640997709937864
32.665574352705335
32.70037642751215
32.71533504315259
32.7401901043082
32.76008428305656
32.785192454053444
32.81007283602532
32.83472540457156
32.85950454279901
32.87955059050773
32.90443096848197
32.944244472909105
32.95421688333607
32.97927443688272
33.004331993423634
33.02402368499971
33.04865095334678
33.07343009227724
33.09836110592333
33.123545224558946
33.14888121502794
33.185050185672324
33.19537694570837
33.22124446696287
33.24693481353098
33.27272640277643
33.29846737079454
33.319196822909824
33.34491247969466
33.37072937932532
33.39641972558722
33.43180406333919
33.44706640721599
33.46769461521263
33.49335964850174
33.51884750963692
33.544411302390834
33.570025713403325
33.595690749173066
33.616015228596275
33.6413259105403
33.67724177429131
33.69260536091357
33.71821977414797
33.73879736161027
33.76451301894899
33.79032991893294
33.815994952854886
33.84138156663392
33.866920047764395
33.88737108233549
33.92857687477616
33.938726460007665
33.964366185052626
33.99008183994512
34.015721565223195
34.036147288318745
34.06150859601695
34.08712301061583
34.112813357228
34.13845308236952
34.17429301135097
34.184543839327915
34.210284807019036
34.23577266759029
34.261108663732564
34.28664714614891
34.312438735501296
34.332965701923776
34.358580115953835
34.38421984011788
34.4355752220273
34.44569949657245
34.46103777250834
34.48121038907592
34.50692604626123
34.53271763549639
34.558509223451566
34.5842501898479
34.60497963029901
34.63039153648142
34.68053167464713
34.70523486123462
34.73001398880027
34.74998409500445
34.77496570800577
34.79989669750689
34.824777078808395
34.8496574572626
34.874613776503494
34.89438138783839
34.942520855107425
34.966059673405496
34.98929460289147
35.01212450127411
35.03034788035838
35.052848679725614
35.07504587589184
35.09686332908885
35.11883257531651
35.14064992626802
35.17962359200801
35.200858858021796
35.22194206498764
35.243101181057476
35.26380460425621
35.28017994093088
35.3005289282662
35.3208022546167
35.34117653771335
35.361652088297525
35.398372173643615
35.418670523154844
35.438918554274906
35.45921689635881
35.479515282327775
35.49983897252026
35.516264930836385
35.53671511463204
35.55706437772519
35.57741333659132
35.613981472278184
35.63445703451623
35.65490725422359
35.67538305331556
35.67951298372464
35.699760656688916
35.716085330669564
35.73630774856105
35.75673268172852
35.777132593101705
35.81792456654693
35.82609991824213
35.83424995925097
35.85454828780978
35.8748719517953
35.89529715630857
35.91577273851302
35.93624826464604
35.95259826967321
35.97297250990725
36.01353762460938
36.03391191368341
36.05066732225673
36.05183161381779
36.05200878862233
36.05200878862233
36.05200878862233
36.05200878862233
36.05200878862233
36.05200878862233
36.05200878862233
36.05200878862233
36.05200878862233
36.05200878862233
36.05200878862233
