x,y
30.0,176.0
30.0,176.0
30.0,176.0
30.0,176.0
30.0,176.0
30.0,176.0
30.0,176.0
30.0,176.0
30.0,176.0
30.0,176.0
30.0,176.0
30.0,176.0
30.0,176.0
30.0,176.0
30.0,176.0
30.0,176.0
30.0,176.0
30.0,176.0
30.0,176.0
30.0,176.0
30.0,176.0
30.0,176.0
30.0,176.0
30.0,176.0
30.0,176.0
30.0,176.0
30.0,176.0
30.0,176.0
30.0,176.0
30.0,176.0
30.0,176.0
30.0,176.0
30.0,176.0
30.0,176.0
30.0,176.0
30.0,176.0
30.0,176.0
30.0,176.0
30.0,176.0
30.0,176.0
30.0,176.0
30.0,176.0
30.0,176.0
30.0,176.0
30.0,176.0
30.0,176.0
30.0,176.0
30.0,176.0
30.0,176.0
30.0,176.0
30.0,176.0
30.0,176.0
30.0,176.0
31.0,176.0
31.0,176.0
31.0,176.0
31.0,176.0
31.0,176.0
31.0,176.0
31.0,176.0
32.0,176.0
32.0,176.0
32.0,176.0
32.0,176.0
32.0,176.0
33.0,176.0
33.0,176.0
33.0,176.0
33.0,176.0
34.0,176.0
34.0,176.0
34.0,176.0
35.0,176.0
35.0,176.0
35.0,176.0
40.0,181.0
40.0,181.0
40.0,181.0
41.0,181.0
41.0,181.0
42.0,181.0
42.0,181.0
42.0,181.0
43.0,181.0
43.0,181.0
44.0,181.0
44.0,181.0
45.0,181.0
45.0,181.0
46.0,181.0
68.0,187.0
68.0,187.0
69.0,187.0
69.0,187.0
70.0,187.0
70.0,187.0
71.0,186.0
71.0,186.0
71.0,186.0
72.0,186.0
72.0,186.0
72.0,186.0
73.0,186.0
73.0,186.0
73.0,186.0
74.0,202.0
74.0,202.0
74.0,202.0
75.0,202.0
75.0,201.0
75.0,201.0
76.0,201.0
76.0,201.0
76.0,200.0
76.0,200.0
77.0,200.0
77.0,200.0
77.0,199.0
77.0,199.0
77.0,199.0
81.0,198.0
81.0,198.0
81.0,197.0
81.0,197.0
81.0,197.0
81.0,197.0
81.0,197.0
81.0,197.0
81.0,197.0
81.0,197.0
81.0,197.0
81.0,197.0
81.0,197.0
81.0,197.0
81.0,197.0
81.0,197.0
81.0,197.0
81.0,197.0
81.0,197.0
81.0,197.0
81.0,197.0
81.0,197.0
81.0,197.0
81.0,196.0
82.0,196.0
82.0,196.0
82.0,196.0
82.0,196.0
82.0,196.0
82.0,195.0
82.0,195.0
82.0,195.0
82.0,195.0
83.0,195.0
83.0,194.0
83.0,194.0
83.0,194.0
83.0,194.0
83.0,194.0
84.0,193.0
84.0,193.0
84.0,193.0
84.0,192.0
84.0,192.0
84.0,192.0
85.0,191.0
85.0,191.0
85.0,191.0
85.0,190.0
85.0,190.0
85.0,190.0
86.0,189.0
86.0,189.0
86.0,189.0
86.0,188.0
86.0,188.0
86.0,188.0
86.0,187.0
86.0,187.0
86.0,187.0
86.0,186.0
86.0,186.0
86.0,186.0
86.0,185.0
86.0,185.0
86.0,185.0
86.0,184.0
86.0,184.0
86.0,183.0
85.0,183.0
85.0,183.0
85.0,182.0
85.0,182.0
85.0,182.0
84.0,181.0
84.0,181.0
84.0,181.0
84.0,180.0
83.0,180.0
83.0,179.0
83.0,179.0
83.0,179.0
82.0,178.0
82.0,178.0
82.0,178.0
81.0,177.0
81.0,177.0
81.0,177.0
80.0,177.0
80.0,176.0
80.0,176.0
80.0,176.0
79.0,175.0
79.0,175.0
79.0,175.0
78.0,174.0
78.0,174.0
78.0,174.0
77.0,173.0
77.0,173.0
77.0,173.0
77.0,172.0
76.0,172.0
76.0,172.0
76.0,172.0
75.0,171.0
75.0,171.0
75.0,171.0
74.0,170.0
74.0,170.0
74.0,170.0
73.0,169.0
73.0,169.0
73.0,169.0
72.0,169.0
72.0,168.0
72.0,168.0
71.0,168.0
71.0,168.0
71.0,168.0
70.0,167.0
70.0,167.0
69.0,167.0
69.0,167.0
69.0,167.0
68.0,166.0
68.0,166.0
67.0,166.0
67.0,166.0
66.0,166.0
66.0,166.0
66.0,166.0
65.0,165.0
65.0,165.0
64.0,165.0
64.0,165.0
64.0,165.0
63.0,165.0
63.0,164.0
63.0,164.0
62.0,164.0
62.0,164.0
62.0,164.0
61.0,163.0
61.0,163.0
60.0,163.0
60.0,162.0
60.0,162.0
60.0,162.0
59.0,162.0
59.0,161.0
59.0,161.0
58.0,161.0
58.0,160.0
58.0,160.0
58.0,160.0
57.0,159.0
57.0,159.0
57.0,159.0
57.0,158.0
56.0,158.0
56.0,158.0
56.0,157.0
56.0,157.0
55.0,156.0
55.0,156.0
55.0,156.0
55.0,155.0
55.0,155.0
55.0,154.0
54.0,154.0
54.0,154.0
54.0,153.0
54.0,153.0
54.0,152.0
54.0,152.0
53.0,152.0
53.0,151.0
53.0,151.0
53.0,150.0
53.0,150.0
53.0,149.0
53.0,149.0
52.0,149.0
52.0,148.0
52.0,148.0
52.0,147.0
52.0,147.0
52.0,147.0
52.0,146.0
52.0,146.0
52.0,145.0
52.0,145.0
51.0,144.0
51.0,144.0
51.0,144.0
51.0,143.0
51.0,143.0
51.0,142.0
51.0,142.0
51.0,141.0
51.0,141.0
51.0,141.0
51.0,140.0
51.0,140.0
51.0,139.0
51.0,139.0
51.0,138.0
51.0,138.0
51.0,138.0
51.0,137.0
51.0,137.0
51.0,136.0
51.0,136.0
51.0,136.0
52.0,135.0
52.0,135.0
52.0,134.0
52.0,134.0
52.0,134.0
52.0,133.0
53.0,133.0
53.0,132.0
53.0,132.0
53.0,132.0
53.0,131.0
53.0,131.0
54.0,130.0
54.0,130.0
54.0,130.0
54.0,129.0
54.0,129.0
55.0,128.0
55.0,128.0
55.0,128.0
55.0,127.0
55.0,127.0
56.0,126.0
56.0,126.0
56.0,126.0
56.0,125.0
56.0,125.0
56.0,124.0
57.0,124.0
57.0,124.0
57.0,123.0
57.0,123.0
57.0,122.0
57.0,122.0
57.0,122.0
57.0,121.0
57.0,121.0
57.0,120.0
57.0,120.0
57.0,119.0
58.0,119.0
58.0,119.0
58.0,118.0
58.0,118.0
58.0,117.0
58.0,117.0
58.0,116.0
58.0,116.0
58.0,116.0
59.0,115.0
59.0,115.0
59.0,114.0
59.0,114.0
59.0,114.0
59.0,113.0
60.0,113.0
60.0,113.0
60.0,112.0
60.0,112.0
61.0,112.0
61.0,111.0
61.0,111.0
61.0,111.0
62.0,110.0
62.0,110.0
62.0,110.0
63.0,109.0
63.0,109.0
63.0,109.0
63.0,108.0
64.0,108.0
64.0,108.0
64.0,108.0
65.0,107.0
65.0,107.0
65.0,107.0
66.0,107.0
66.0,106.0
66.0,106.0
67.0,106.0
67.0,106.0
68.0,106.0
68.0,105.0
68.0,105.0
69.0,105.0
69.0,105.0
69.0,105.0
70.0,105.0
70.0,105.0
71.0,105.0
71.0,105.0
71.0,105.0
72.0,105.0
72.0,105.0
73.0,105.0
73.0,105.0
73.0,105.0
74.0,105.0
74.0,105.0
75.0,105.0
75.0,105.0
76.0,105.0
76.0,105.0
76.0,105.0
77.0,105.0
77.0,105.0
78.0,106.0
78.0,106.0
78.0,106.0
79.0,106.0
79.0,106.0
80.0,106.0
80.0,106.0
81.0,106.0
81.0,107.0
81.0,107.0
82.0,107.0
82.0,107.0
83.0,107.0
83.0,107.0
83.0,107.0
84.0,108.0
84.0,108.0
85.0,108.0
85.0,108.0
85.0,108.0
86.0,108.0
86.0,108.0
87.0,109.0
87.0,109.0
88.0,109.0
88.0,109.0
88.0,109.0
89.0,109.0
89.0,110.0
90.0,110.0
90.0,110.0
90.0,110.0
91.0,110.0
91.0,110.0
92.0,110.0
92.0,111.0
93.0,111.0
93.0,111.0
93.0,111.0
94.0,111.0
94.0,111.0
95.0,111.0
95.0,112.0
95.0,112.0
96.0,112.0
96.0,112.0
97.0,112.0
97.0,112.0
97.0,112.0
98.0,113.0
98.0,113.0
99.0,113.0
99.0,113.0
100.0,113.0
100.0,113.0
100.0,113.0
101.0,114.0
101.0,114.0
102.0,114.0
102.0,114.0
102.0,114.0
103.0,114.0
103.0,114.0
104.0,115.0
104.0,115.0
105.0,115.0
105.0,115.0
105.0,115.0
106.0,115.0
106.0,115.0
106.0,116.0
107.0,116.0
107.0,116.0
108.0,116.0
108.0,116.0
108.0,117.0
109.0,117.0
109.0,117.0
109.0,117.0
109.0,118.0
110.0,118.0
110.0,118.0
110.0,119.0
111.0,119.0
111.0,119.0
111.0,120.0
112.0,120.0
112.0,120.0
112.0,121.0
112.0,121.0
113.0,121.0
113.0,122.0
113.0,122.0
113.0,122.0
114.0,123.0
114.0,123.0
114.0,123.0
114.0,124.0
115.0,124.0
115.0,125.0
115.0,125.0
115.0,125.0
115.0,126.0
116.0,126.0
116.0,126.0
116.0,127.0
116.0,127.0
116.0,128.0
116.0,128.0
116.0,128.0
116.0,129.0
117.0,129.0
117.0,130.0
117.0,130.0
117.0,130.0
117.0,131.0
117.0,131.0
117.0,132.0
117.0,132.0
117.0,132.0
117.0,133.0
117.0,133.0
117.0,134.0
117.0,134.0
117.0,135.0
117.0,135.0
116.0,135.0
116.0,136.0
116.0,136.0
116.0,137.0
116.0,137.0
116.0,138.0
116.0,138.0
116.0,138.0
116.0,139.0
116.0,139.0
116.0,140.0
116.0,140.0
116.0,141.0
116.0,141.0
116.0,142.0
116.0,142.0
116.0,142.0
116.0,143.0
116.0,143.0
116.0,144.0
116.0,144.0
115.0,145.0
115.0,145.0
115.0,145.0
115.0,146.0
115.0,146.0
115.0,147.0
115.0,147.0
115.0,148.0
115.0,148.0
115.0,148.0
115.0,149.0
115.0,149.0
115.0,150.0
115.0,150.0
115.0,151.0
115.0,151.0
115.0,152.0
115.0,152.0
115.0,152.0
115.0,153.0
115.0,153.0
114.0,154.0
114.0,154.0
114.0,155.0
114.0,155.0
114.0,155.0
114.0,156.0
114.0,156.0
114.0,157.0
114.0,157.0
114.0,158.0
114.0,158.0
114.0,159.0
114.0,159.0
114.0,159.0
114.0,160.0
114.0,160.0
114.0,161.0
114.0,161.0
114.0,162.0
114.0,162.0
114.0,162.0
114.0,163.0
114.0,163.0
113.0,164.0
113.0,164.0
113.0,165.0
113.0,165.0
113.0,165.0
113.0,166.0
113.0,166.0
113.0,167.0
113.0,167.0
113.0,168.0
113.0,168.0
113.0,169.0
113.0,169.0
113.0,169.0
114.0,170.0
114.0,170.0
114.0,171.0
114.0,171.0
114.0,172.0
114.0,172.0
114.0,173.0
114.0,173.0
114.0,173.0
114.0,174.0
114.0,174.0
114.0,175.0
114.0,175.0
114.0,176.0
115.0,176.0
115.0,176.0
115.0,177.0
115.0,177.0
115.0,178.0
115.0,178.0
115.0,179.0
115.0,179.0
115.0,179.0
115.0,180.0
115.0,180.0
115.0,181.0
115.0,181.0
115.0,182.0
115.0,182.0
115.0,182.0
115.0,191.0
115.0,191.0
115.0,192.0
116.0,192.0
116.0,193.0
116.0,193.0
116.0,194.0
116.0,194.0
116.0,194.0
116.0,195.0
116.0,195.0
116.0,196.0
116.0,196.0
116.0,197.0
116.0,202.0
116.0,203.0
116.0,203.0
116.0,203.0
116.0,204.0
116.0,204.0
116.0,205.0
117.0,205.0
117.0,205.0
117.0,206.0
117.0,206.0
117.0,207.0
117.0,207.0
118.0,207.0
118.0,208.0
118.0,208.0
118.0,214.0
118.0,214.0
119.0,215.0
119.0,215.0
119.0,216.0
119.0,216.0
120.0,216.0
120.0,217.0
120.0,217.0
120.0,217.0
121.0,217.0
121.0,218.0
121.0,218.0
122.0,218.0
122.0,219.0
122.0,219.0
123.0,219.0
123.0,219.0
123.0,220.0
124.0,220.0
124.0,220.0
125.0,220.0
125.0,221.0
125.0,221.0
126.0,221.0
126.0,221.0
126.0,221.0
127.0,221.0
127.0,222.0
128.0,222.0
128.0,222.0
128.0,222.0
129.0,222.0
129.0,222.0
130.0,222.0
130.0,222.0
130.0,222.0
131.0,222.0
131.0,222.0
132.0,222.0
132.0,222.0
133.0,223.0
133.0,223.0
133.0,222.0
134.0,222.0
134.0,255.0
135.0,255.0
135.0,255.0
136.0,255.0
136.0,255.0
137.0,255.0
137.0,255.0
137.0,255.0
138.0,255.0
138.0,255.0
139.0,255.0
139.0,254.0
140.0,254.0
140.0,254.0
140.0,254.0
141.0,260.0
141.0,260.0
142.0,259.0
142.0,259.0
142.0,259.0
143.0,259.0
143.0,259.0
144.0,259.0
144.0,259.0
145.0,259.0
145.0,259.0
145.0,259.0
146.0,258.0
146.0,258.0
147.0,258.0
147.0,258.0
148.0,258.0
148.0,258.0
148.0,258.0
149.0,257.0
149.0,257.0
149.0,257.0
150.0,257.0
150.0,257.0
150.0,256.0
151.0,256.0
151.0,256.0
151.0,256.0
151.0,255.0
151.0,255.0
152.0,255.0
152.0,254.0
152.0,254.0
152.0,254.0
152.0,254.0
153.0,253.0
153.0,253.0
153.0,252.0
153.0,252.0
153.0,252.0
153.0,251.0
153.0,251.0
153.0,251.0
153.0,250.0
153.0,250.0
153.0,250.0
153.0,249.0
153.0,249.0
153.0,248.0
153.0,248.0
153.0,247.0
153.0,247.0
153.0,247.0
153.0,246.0
153.0,246.0
153.0,245.0
152.0,245.0
152.0,244.0
152.0,244.0
152.0,244.0
152.0,243.0
152.0,243.0
152.0,242.0
152.0,242.0
152.0,241.0
152.0,241.0
152.0,240.0
152.0,240.0
152.0,240.0
152.0,239.0
152.0,239.0
152.0,238.0
152.0,238.0
152.0,237.0
152.0,237.0
152.0,236.0
152.0,236.0
152.0,235.0
152.0,235.0
152.0,235.0
152.0,234.0
152.0,234.0
152.0,233.0
152.0,233.0
152.0,232.0
152.0,232.0
152.0,231.0
152.0,231.0
152.0,231.0
153.0,230.0
153.0,230.0
153.0,229.0
153.0,229.0
153.0,228.0
153.0,228.0
153.0,227.0
153.0,227.0
153.0,227.0
153.0,226.0
153.0,226.0
153.0,225.0
153.0,225.0
153.0,224.0
154.0,224.0
154.0,223.0
154.0,223.0
154.0,222.0
154.0,222.0
154.0,222.0
154.0,221.0
154.0,221.0
154.0,220.0
154.0,220.0
154.0,219.0
154.0,219.0
154.0,218.0
154.0,218.0
154.0,217.0
154.0,217.0
154.0,217.0
154.0,216.0
154.0,216.0
154.0,215.0
154.0,215.0
154.0,214.0
154.0,214.0
154.0,213.0
154.0,213.0
154.0,212.0
154.0,212.0
154.0,212.0
154.0,211.0
154.0,211.0
154.0,210.0
154.0,209.0
154.0,209.0
154.0,209.0
154.0,208.0
154.0,208.0
154.0,207.0
153.0,207.0
153.0,206.0
153.0,206.0
153.0,206.0
153.0,205.0
153.0,205.0
153.0,204.0
153.0,204.0
153.0,203.0
153.0,203.0
153.0,202.0
154.0,202.0
154.0,202.0
154.0,201.0
154.0,201.0
154.0,200.0
154.0,200.0
154.0,199.0
154.0,199.0
154.0,198.0
154.0,198.0
154.0,197.0
154.0,197.0
154.0,196.0
154.0,196.0
154.0,196.0
154.0,195.0
154.0,195.0
154.0,194.0
154.0,194.0
154.0,193.0
154.0,193.0
153.0,192.0
153.0,192.0
153.0,191.0
153.0,191.0
153.0,190.0
153.0,190.0
153.0,190.0
153.0,189.0
153.0,189.0
153.0,188.0
153.0,188.0
153.0,187.0
152.0,187.0
152.0,186.0
152.0,186.0
152.0,186.0
152.0,185.0
152.0,185.0
152.0,184.0
152.0,184.0
152.0,183.0
152.0,183.0
152.0,182.0
152.0,182.0
152.0,182.0
152.0,181.0
151.0,181.0
151.0,180.0
151.0,180.0
151.0,179.0
151.0,179.0
151.0,178.0
151.0,178.0
151.0,178.0
152.0,177.0
152.0,177.0
152.0,176.0
152.0,176.0
152.0,175.0
152.0,175.0
152.0,174.0
152.0,174.0
152.0,174.0
152.0,173.0
152.0,173.0
152.0,172.0
152.0,172.0
153.0,171.0
153.0,171.0
153.0,171.0
153.0,170.0
153.0,170.0
153.0,169.0
153.0,169.0
154.0,169.0
154.0,168.0
154.0,168.0
154.0,167.0
154.0,167.0
155.0,167.0
155.0,166.0
155.0,166.0
156.0,165.0
156.0,165.0
156.0,165.0
156.0,165.0
157.0,164.0
157.0,164.0
157.0,164.0
157.0,163.0
158.0,163.0
158.0,163.0
158.0,162.0
159.0,162.0
159.0,162.0
159.0,161.0
160.0,161.0
160.0,161.0
160.0,161.0
161.0,160.0
161.0,160.0
161.0,160.0
162.0,160.0
162.0,159.0
162.0,159.0
163.0,159.0
163.0,159.0
163.0,159.0
164.0,159.0
164.0,158.0
164.0,158.0
165.0,158.0
165.0,158.0
166.0,158.0
166.0,158.0
166.0,158.0
167.0,158.0
167.0,158.0
168.0,158.0
168.0,158.0
168.0,158.0
169.0,158.0
169.0,158.0
170.0,158.0
170.0,158.0
170.0,158.0
171.0,158.0
171.0,158.0
171.0,158.0
172.0,159.0
172.0,159.0
173.0,159.0
173.0,159.0
173.0,159.0
174.0,159.0
174.0,160.0
175.0,160.0
175.0,160.0
175.0,160.0
176.0,160.0
176.0,161.0
176.0,161.0
177.0,161.0
177.0,162.0
177.0,162.0
178.0,162.0
178.0,162.0
178.0,163.0
179.0,163.0
179.0,163.0
179.0,164.0
179.0,164.0
180.0,164.0
180.0,165.0
180.0,165.0
180.0,165.0
181.0,166.0
181.0,166.0
181.0,166.0
181.0,167.0
182.0,167.0
182.0,168.0
182.0,168.0
182.0,168.0
183.0,169.0
183.0,169.0
183.0,169.0
183.0,170.0
184.0,170.0
184.0,171.0
184.0,171.0
185.0,171.0
185.0,172.0
185.0,172.0
185.0,172.0
186.0,172.0
186.0,173.0
186.0,173.0
187.0,173.0
187.0,174.0
187.0,174.0
188.0,174.0
188.0,175.0
189.0,175.0
189.0,175.0
189.0,175.0
190.0,176.0
190.0,176.0
190.0,176.0
191.0,176.0
191.0,177.0
192.0,177.0
192.0,177.0
192.0,178.0
193.0,178.0
193.0,178.0
193.0,178.0
194.0,179.0
194.0,179.0
195.0,179.0
195.0,179.0
195.0,180.0
196.0,180.0
196.0,180.0
196.0,180.0
197.0,181.0
197.0,181.0
197.0,181.0
198.0,182.0
198.0,182.0
198.0,182.0
199.0,183.0
199.0,183.0
199.0,183.0
200.0,184.0
200.0,184.0
200.0,184.0
200.0,185.0
201.0,185.0
201.0,185.0
201.0,186.0
201.0,186.0
202.0,187.0
202.0,260.0
202.0,260.0
202.0,260.0
203.0,261.0
203.0,261.0
203.0,262.0
203.0,262.0
203.0,262.0
203.0,263.0
204.0,263.0
204.0,263.0
204.0,264.0
204.0,264.0
204.0,265.0
204.0,265.0
204.0,267.0
204.0,267.0
204.0,268.0
204.0,268.0
204.0,269.0
204.0,269.0
204.0,270.0
204.0,270.0
204.0,270.0
204.0,271.0
204.0,271.0
204.0,272.0
204.0,272.0
204.0,273.0
204.0,273.0
204.0,275.0
204.0,276.0
204.0,276.0
204.0,277.0
205.0,277.0
205.0,278.0
205.0,278.0
205.0,279.0
205.0,279.0
205.0,280.0
205.0,280.0
205.0,280.0
205.0,281.0
205.0,281.0
205.0,282.0
205.0,282.0
205.0,283.0
205.0,283.0
205.0,284.0
206.0,284.0
206.0,285.0
206.0,285.0
206.0,285.0
206.0,286.0
206.0,286.0
206.0,287.0
206.0,287.0
206.0,288.0
207.0,288.0
207.0,289.0
207.0,289.0
207.0,289.0
207.0,290.0
207.0,290.0
207.0,291.0
208.0,291.0
208.0,292.0
208.0,292.0
208.0,292.0
208.0,293.0
208.0,293.0
209.0,294.0
209.0,294.0
209.0,295.0
209.0,295.0
209.0,296.0
210.0,297.0
210.0,297.0
210.0,297.0
210.0,298.0
210.0,298.0
211.0,299.0
211.0,299.0
211.0,299.0
211.0,300.0
212.0,300.0
212.0,301.0
212.0,301.0
212.0,301.0
212.0,302.0
213.0,302.0
213.0,303.0
213.0,303.0
213.0,303.0
213.0,304.0
213.0,304.0
214.0,305.0
214.0,305.0
214.0,305.0
214.0,306.0
214.0,306.0
214.0,307.0
214.0,307.0
214.0,308.0
214.0,308.0
214.0,308.0
215.0,309.0
215.0,309.0
215.0,310.0
215.0,311.0
215.0,311.0
215.0,311.0
215.0,312.0
215.0,312.0
215.0,313.0
215.0,313.0
215.0,313.0
215.0,314.0
215.0,314.0
215.0,315.0
215.0,315.0
215.0,316.0
215.0,316.0
215.0,317.0
216.0,317.0
216.0,317.0
216.0,318.0
216.0,318.0
216.0,318.0
216.0,319.0
216.0,319.0
217.0,320.0
217.0,320.0
217.0,320.0
217.0,321.0
217.0,321.0
218.0,322.0
218.0,322.0
218.0,322.0
219.0,322.0
219.0,323.0
219.0,323.0
219.0,323.0
220.0,323.0
220.0,324.0
220.0,324.0
221.0,324.0
221.0,324.0
221.0,324.0
222.0,324.0
222.0,324.0
222.0,325.0
223.0,325.0
223.0,325.0
224.0,325.0
224.0,325.0
224.0,325.0
225.0,325.0
225.0,325.0
226.0,325.0
226.0,325.0
226.0,325.0
227.0,325.0
227.0,325.0
228.0,325.0
228.0,325.0
229.0,325.0
229.0,325.0
230.0,325.0
230.0,325.0
230.0,325.0
231.0,325.0
231.0,324.0
232.0,324.0
232.0,324.0
233.0,324.0
233.0,324.0
234.0,324.0
234.0,324.0
235.0,324.0
235.0,324.0
236.0,324.0
236.0,324.0
236.0,324.0
237.0,324.0
237.0,324.0
238.0,324.0
238.0,324.0
239.0,323.0
239.0,323.0
240.0,323.0
240.0,323.0
241.0,323.0
241.0,323.0
241.0,323.0
242.0,323.0
242.0,323.0
243.0,323.0
243.0,323.0
244.0,323.0
244.0,323.0
245.0,323.0
245.0,323.0
245.0,323.0
246.0,323.0
246.0,322.0
247.0,322.0
247.0,322.0
248.0,322.0
248.0,322.0
249.0,322.0
249.0,322.0
250.0,322.0
250.0,322.0
250.0,322.0
251.0,322.0
251.0,322.0
252.0,322.0
252.0,322.0
253.0,322.0
253.0,322.0
254.0,322.0
254.0,321.0
255.0,321.0
255.0,321.0
255.0,321.0
256.0,321.0
256.0,321.0
257.0,321.0
258.0,321.0
258.0,321.0
258.0,321.0
259.0,321.0
259.0,320.0
259.0,320.0
260.0,320.0
260.0,320.0
261.0,320.0
261.0,320.0
262.0,319.0
262.0,319.0
262.0,319.0
263.0,319.0
263.0,319.0
263.0,319.0
264.0,318.0
264.0,318.0
264.0,318.0
265.0,318.0
265.0,317.0
266.0,317.0
266.0,317.0
266.0,316.0
267.0,316.0
267.0,316.0
267.0,316.0
268.0,315.0
268.0,315.0
268.0,315.0
269.0,314.0
269.0,314.0
269.0,314.0
269.0,313.0
269.0,313.0
270.0,313.0
270.0,312.0
270.0,312.0
270.0,312.0
271.0,311.0
271.0,311.0
271.0,310.0
271.0,310.0
271.0,310.0
272.0,309.0
272.0,309.0
272.0,308.0
272.0,308.0
272.0,308.0
272.0,307.0
273.0,307.0
273.0,306.0
273.0,306.0
273.0,305.0
273.0,305.0
273.0,305.0
273.0,304.0
273.0,304.0
273.0,303.0
273.0,303.0
273.0,302.0
273.0,302.0
273.0,301.0
274.0,301.0
274.0,300.0
274.0,300.0
274.0,300.0
274.0,299.0
274.0,299.0
274.0,298.0
274.0,298.0
274.0,297.0
274.0,297.0
274.0,296.0
274.0,296.0
274.0,295.0
274.0,295.0
274.0,295.0
273.0,294.0
273.0,294.0
273.0,293.0
273.0,293.0
273.0,292.0
273.0,292.0
273.0,291.0
273.0,291.0
273.0,290.0
273.0,290.0
273.0,290.0
273.0,289.0
273.0,288.0
273.0,288.0
273.0,288.0
273.0,287.0
273.0,287.0
273.0,286.0
273.0,286.0
273.0,285.0
273.0,285.0
273.0,284.0
273.0,284.0
273.0,284.0
273.0,283.0
274.0,283.0
274.0,282.0
274.0,282.0
274.0,281.0
274.0,281.0
274.0,280.0
274.0,280.0
274.0,279.0
274.0,279.0
274.0,279.0
274.0,278.0
274.0,278.0
274.0,277.0
274.0,277.0
275.0,276.0
275.0,276.0
275.0,275.0
275.0,275.0
275.0,275.0
275.0,274.0
275.0,274.0
275.0,273.0
276.0,273.0
276.0,272.0
276.0,272.0
276.0,271.0
276.0,271.0
276.0,270.0
276.0,270.0
277.0,270.0
277.0,269.0
277.0,269.0
277.0,268.0
277.0,268.0
277.0,268.0
278.0,267.0
278.0,267.0
278.0,266.0
278.0,266.0
278.0,266.0
278.0,265.0
279.0,265.0
279.0,264.0
279.0,264.0
279.0,263.0
279.0,263.0
280.0,263.0
280.0,262.0
280.0,262.0
280.0,261.0
281.0,261.0
281.0,261.0
281.0,260.0
281.0,260.0
281.0,259.0
282.0,259.0
282.0,259.0
282.0,258.0
282.0,258.0
282.0,257.0
283.0,257.0
283.0,257.0
283.0,256.0
283.0,256.0
283.0,255.0
283.0,255.0
284.0,254.0
284.0,254.0
284.0,254.0
284.0,253.0
284.0,253.0
284.0,252.0
284.0,252.0
284.0,252.0
284.0,251.0
284.0,251.0
284.0,250.0
284.0,250.0
284.0,249.0
284.0,249.0
284.0,248.0
284.0,248.0
284.0,248.0
284.0,247.0
284.0,247.0
284.0,246.0
284.0,246.0
284.0,245.0
284.0,245.0
284.0,245.0
284.0,244.0
284.0,244.0
283.0,243.0
283.0,243.0
283.0,242.0
283.0,242.0
283.0,242.0
283.0,241.0
283.0,241.0
282.0,240.0
282.0,240.0
282.0,240.0
282.0,239.0
282.0,239.0
281.0,238.0
281.0,238.0
281.0,238.0
281.0,237.0
280.0,237.0
280.0,236.0
280.0,236.0
280.0,236.0
279.0,235.0
279.0,235.0
279.0,234.0
279.0,234.0
278.0,234.0
278.0,233.0
278.0,233.0
277.0,233.0
277.0,232.0
277.0,232.0
277.0,231.0
276.0,231.0
276.0,231.0
276.0,230.0
275.0,230.0
275.0,229.0
275.0,229.0
274.0,229.0
274.0,228.0
274.0,228.0
273.0,228.0
273.0,227.0
273.0,227.0
272.0,227.0
272.0,226.0
272.0,226.0
271.0,226.0
271.0,225.0
271.0,225.0
270.0,224.0
270.0,224.0
270.0,224.0
269.0,223.0
269.0,223.0
269.0,223.0
268.0,222.0
268.0,222.0
268.0,222.0
267.0,221.0
267.0,221.0
267.0,221.0
266.0,220.0
266.0,220.0
266.0,219.0
265.0,219.0
265.0,219.0
265.0,218.0
264.0,218.0
264.0,218.0
264.0,217.0
263.0,217.0
263.0,217.0
263.0,216.0
262.0,216.0
262.0,216.0
261.0,215.0
261.0,215.0
261.0,214.0
261.0,214.0
260.0,214.0
260.0,213.0
260.0,213.0
259.0,213.0
259.0,212.0
259.0,212.0
258.0,211.0
258.0,274.0
258.0,273.0
257.0,273.0
257.0,272.0
257.0,272.0
256.0,272.0
256.0,271.0
256.0,271.0
255.0,271.0
255.0,270.0
254.0,270.0
254.0,270.0
254.0,269.0
254.0,269.0
253.0,268.0
253.0,268.0
253.0,268.0
252.0,267.0
252.0,267.0
251.0,266.0
251.0,266.0
251.0,266.0
250.0,265.0
250.0,265.0
250.0,265.0
249.0,264.0
249.0,264.0
248.0,264.0
248.0,263.0
247.0,263.0
247.0,262.0
247.0,262.0
246.0,262.0
246.0,262.0
246.0,261.0
245.0,261.0
245.0,261.0
245.0,261.0
244.0,260.0
244.0,260.0
243.0,260.0
243.0,260.0
242.0,260.0
242.0,259.0
242.0,259.0
241.0,259.0
241.0,259.0
240.0,259.0
240.0,259.0
239.0,259.0
239.0,259.0
239.0,259.0
238.0,259.0
238.0,259.0
237.0,259.0
237.0,259.0
237.0,259.0
236.0,259.0
236.0,259.0
235.0,259.0
235.0,259.0
234.0,260.0
234.0,260.0
234.0,260.0
234.0,260.0
233.0,260.0
233.0,260.0
233.0,260.0
232.0,261.0
232.0,261.0
231.0,261.0
231.0,261.0
231.0,262.0
231.0,262.0
230.0,262.0
230.0,263.0
230.0,263.0
230.0,263.0
229.0,263.0
229.0,264.0
229.0,265.0
229.0,265.0
229.0,265.0
229.0,265.0
229.0,265.0
229.0,265.0
229.0,265.0
229.0,265.0
229.0,265.0
229.0,265.0
229.0,265.0
229.0,265.0
229.0,265.0
229.0,265.0
