0.063264221158958
0.063264221158958
0.063264221158958
0.063264221158958
0.063264221158958
0.063264221158958
0.063264221158958
0.063264221158958
0.063264221158958
0.063264221158958
0.063264221158958
0.063264221158958
0.063264221158958
0.063264221158958
0.063264221158958
0.063264221158958
0.063264221158958
0.063264221158958
0.063264221158958
0.063264221158958
0.063264221158958
0.063264221158958
0.063264221158958
0.063264221158958
0.063264221158958
0.063264221158958
0.063264221158958
0.063264221158958
0.063264221158958
0.063264221158958
0.063264221158958
0.063264221158958
0.063264221158958
0.063264221158958
0.063264221158958
0.063264221158958
0.063264221158958
0.063264221158958
0.063264221158958
0.063264221158958
0.063264221158958
0.063264221158958
0.063264221158958
0.063264221158958
0.063264221158958
0.063264221158958
0.063264221158958
0.063264221158958
0.063264221158958
0.063264221158958
0.063264221158958
0.063264221158958
0.063264221158958
0.063264221158958
0.063264221158958
0.063264221158958
0.063264221158958
0.063264221158958
0.063264221158958
0.063264221158958
0.063264221158958
0.063264221158958
0.063264221158958
0.063264221158958
0.063264221158958
0.063264221158958
0.063264221158958
0.063264221158958
0.063264221158958
0.063264221158958
0.063264221158958
0.063264221158958
0.063264221158958
0.063264221158958
0.063264221158958
0.37118553960659223
0.37118553960659223
0.37118553960659223
0.37118553960659223
0.37118553960659223
0.37118553960659223
0.37118553960659223
0.37118553960659223
0.37118553960659223
0.37118553960659223
0.37118553960659223
0.37118553960659223
0.37118553960659223
0.37118553960659223
0.37118553960659223
0.8069112174375332
0.8069112174375332
0.8069112174375332
0.8069112174375332
0.8069112174375332
0.8069112174375332
0.8069112174375332
0.8069112174375332
0.8069112174375332
0.8069112174375332
0.8069112174375332
0.8069112174375332
0.8069112174375332
0.8069112174375332
0.8069112174375332
1.122488038277512
1.122488038277512
1.122488038277512
1.122488038277512
1.122488038277512
1.122488038277512
1.122488038277512
1.122488038277512
1.122488038277512
1.122488038277512
1.122488038277512
1.122488038277512
1.122488038277512
1.122488038277512
1.122488038277512
1.2889952153110047
1.2889952153110047
1.2889952153110047
1.2889952153110047
1.2889952153110047
1.2889952153110047
1.2889952153110047
1.2889952153110047
1.2889952153110047
1.2889952153110047
1.2889952153110047
1.2889952153110047
1.2889952153110047
1.2889952153110047
1.2889952153110047
1.2889952153110047
1.2889952153110047
1.2889952153110047
1.2889952153110047
1.2889952153110047
1.2889952153110047
1.2889952153110047
1.2889952153110047
1.2889952153110047
1.2889952153110047
1.2889952153110047
1.2889952153110047
1.2889952153110047
1.2889952153110047
1.2889952153110047
1.3854332801701223
1.3854332801701223
1.3854332801701223
1.3854332801701223
1.3854332801701223
1.3854332801701223
1.3854332801701223
1.3854332801701223
1.3854332801701223
1.3854332801701223
1.3854332801701223
1.3854332801701223
1.3854332801701223
1.3854332801701223
1.3854332801701223
1.5502392344497609
1.5502392344497609
1.5502392344497609
1.5502392344497609
1.5502392344497609
1.5502392344497609
1.5502392344497609
1.5502392344497609
1.5502392344497609
1.5502392344497609
1.5502392344497609
1.5502392344497609
1.5502392344497609
1.5502392344497609
1.5502392344497609
1.7338649654439129
1.7338649654439129
1.7338649654439129
1.7338649654439129
1.7338649654439129
1.7338649654439129
1.7338649654439129
1.7338649654439129
1.7338649654439129
1.7338649654439129
1.7338649654439129
1.7338649654439129
1.7338649654439129
1.7338649654439129
1.7338649654439129
1.9345029239766083
1.9345029239766083
1.9345029239766083
1.9345029239766083
1.9345029239766083
1.9345029239766083
1.9345029239766083
1.9345029239766083
1.9345029239766083
1.9345029239766083
1.9345029239766083
1.9345029239766083
1.9345029239766083
1.9345029239766083
1.9345029239766083
2.0766613503455607
2.0766613503455607
2.0766613503455607
2.0766613503455607
2.0766613503455607
2.0766613503455607
2.0766613503455607
2.0766613503455607
2.0766613503455607
2.0766613503455607
2.0766613503455607
2.0766613503455607
2.0766613503455607
2.0766613503455607
2.0766613503455607
2.227432216905901
2.227432216905901
2.227432216905901
2.227432216905901
2.227432216905901
2.227432216905901
2.227432216905901
2.227432216905901
2.227432216905901
2.227432216905901
2.227432216905901
2.227432216905901
2.227432216905901
2.227432216905901
2.227432216905901
2.335672514619883
2.335672514619883
2.335672514619883
2.335672514619883
2.335672514619883
2.335672514619883
2.335672514619883
2.335672514619883
2.335672514619883
2.335672514619883
2.335672514619883
2.335672514619883
2.335672514619883
2.335672514619883
2.335672514619883
2.372780435938331
2.372780435938331
2.372780435938331
2.372780435938331
2.372780435938331
2.372780435938331
2.372780435938331
2.372780435938331
2.372780435938331
2.372780435938331
2.372780435938331
2.372780435938331
2.372780435938331
2.372780435938331
2.372780435938331
2.4236044657097287
2.4236044657097287
2.4236044657097287
2.4236044657097287
2.4236044657097287
2.4236044657097287
2.4236044657097287
2.4236044657097287
2.4236044657097287
2.4236044657097287
2.4236044657097287
2.4236044657097287
2.4236044657097287
2.4236044657097287
2.4236044657097287
2.4636895268474217
2.4636895268474217
2.4636895268474217
2.4636895268474217
2.4636895268474217
2.4636895268474217
2.4636895268474217
2.4636895268474217
2.4636895268474217
2.4636895268474217
2.4636895268474217
2.4636895268474217
2.4636895268474217
2.4636895268474217
2.4636895268474217
2.5004784688995216
2.5004784688995216
2.5004784688995216
2.5004784688995216
2.5004784688995216
2.5004784688995216
2.5004784688995216
2.5004784688995216
2.5004784688995216
2.5004784688995216
2.5004784688995216
2.5004784688995216
2.5004784688995216
2.5004784688995216
2.5004784688995216
2.5004784688995216
2.555980861244019
2.555980861244019
2.555980861244019
2.555980861244019
2.555980861244019
2.555980861244019
2.555980861244019
2.555980861244019
2.555980861244019
2.555980861244019
2.555980861244019
2.555980861244019
2.555980861244019
2.555980861244019
2.6442317916002125
2.6442317916002125
2.6442317916002125
2.6442317916002125
2.6442317916002125
2.6442317916002125
2.6442317916002125
2.6442317916002125
2.6442317916002125
2.6442317916002125
2.6442317916002125
2.6442317916002125
2.6442317916002125
2.6442317916002125
2.6442317916002125
2.7840510366826154
2.7840510366826154
2.7840510366826154
2.7840510366826154
2.7840510366826154
2.7840510366826154
2.7840510366826154
2.7840510366826154
2.7840510366826154
2.7840510366826154
2.7840510366826154
2.7840510366826154
2.7840510366826154
2.7840510366826154
2.7840510366826154
2.8594364699627857
2.8594364699627857
2.8594364699627857
2.8594364699627857
2.8594364699627857
2.8594364699627857
2.8594364699627857
2.8594364699627857
2.8594364699627857
2.8594364699627857
2.8594364699627857
2.8594364699627857
2.8594364699627857
2.8594364699627857
2.8594364699627857
2.8944178628389157
2.8944178628389157
2.8944178628389157
2.8944178628389157
2.8944178628389157
2.8944178628389157
2.8944178628389157
2.8944178628389157
2.8944178628389157
2.8944178628389157
2.8944178628389157
2.8944178628389157
2.8944178628389157
2.8944178628389157
2.8944178628389157
2.975438596491228
2.975438596491228
2.975438596491228
2.975438596491228
2.975438596491228
2.975438596491228
2.975438596491228
2.975438596491228
2.975438596491228
2.975438596491228
2.975438596491228
2.975438596491228
2.975438596491228
2.975438596491228
2.975438596491228
3.0465709728867623
3.0465709728867623
3.0465709728867623
3.0465709728867623
3.0465709728867623
3.0465709728867623
3.0465709728867623
3.0465709728867623
3.0465709728867623
3.0465709728867623
3.0465709728867623
3.0465709728867623
3.0465709728867623
3.0465709728867623
3.0465709728867623
3.119404572036151
3.119404572036151
3.119404572036151
3.119404572036151
3.119404572036151
3.119404572036151
3.119404572036151
3.119404572036151
3.119404572036151
3.119404572036151
3.119404572036151
3.119404572036151
3.119404572036151
3.119404572036151
3.119404572036151
3.191919191919192
3.191919191919192
3.191919191919192
3.191919191919192
3.191919191919192
3.191919191919192
3.191919191919192
3.191919191919192
3.191919191919192
3.191919191919192
3.191919191919192
3.191919191919192
3.191919191919192
3.191919191919192
3.191919191919192
3.3250398724082935
3.3250398724082935
3.3250398724082935
3.3250398724082935
3.3250398724082935
3.3250398724082935
3.3250398724082935
3.3250398724082935
3.3250398724082935
3.3250398724082935
3.3250398724082935
3.3250398724082935
3.3250398724082935
3.3250398724082935
3.3250398724082935
3.4088250930356194
3.4088250930356194
3.4088250930356194
3.4088250930356194
3.4088250930356194
3.4088250930356194
3.4088250930356194
3.4088250930356194
3.4088250930356194
3.4088250930356194
3.4088250930356194
3.4088250930356194
3.4088250930356194
3.4088250930356194
3.4088250930356194
3.4517809675704414
3.4517809675704414
3.4517809675704414
3.4517809675704414
3.4517809675704414
3.4517809675704414
3.4517809675704414
3.4517809675704414
3.4517809675704414
3.4517809675704414
3.4517809675704414
3.4517809675704414
3.4517809675704414
3.4517809675704414
3.4517809675704414
3.491653375863902
3.491653375863902
3.491653375863902
3.491653375863902
3.491653375863902
3.491653375863902
3.491653375863902
3.491653375863902
3.491653375863902
3.491653375863902
3.491653375863902
3.491653375863902
3.491653375863902
3.491653375863902
3.491653375863902
3.529292929292929
3.529292929292929
3.529292929292929
3.529292929292929
3.529292929292929
3.529292929292929
3.529292929292929
3.529292929292929
3.529292929292929
3.529292929292929
3.529292929292929
3.529292929292929
3.529292929292929
3.529292929292929
3.529292929292929
3.5644869750132906
3.5644869750132906
3.5644869750132906
3.5644869750132906
3.5644869750132906
3.5644869750132906
3.5644869750132906
3.5644869750132906
3.5644869750132906
3.5644869750132906
3.5644869750132906
3.5644869750132906
3.5644869750132906
3.5644869750132906
3.5644869750132906
3.6185007974481658
3.6185007974481658
3.6185007974481658
3.6185007974481658
3.6185007974481658
3.6185007974481658
3.6185007974481658
3.6185007974481658
3.6185007974481658
3.6185007974481658
3.6185007974481658
3.6185007974481658
3.6185007974481658
3.6185007974481658
3.6185007974481658
3.6914407230196704
3.6914407230196704
3.6914407230196704
3.6914407230196704
3.6914407230196704
3.6914407230196704
3.6914407230196704
3.6914407230196704
3.6914407230196704
3.6914407230196704
3.6914407230196704
3.6914407230196704
3.6914407230196704
3.6914407230196704
3.6914407230196704
3.7726741095162146
3.7726741095162146
3.7726741095162146
3.7726741095162146
3.7726741095162146
3.7726741095162146
3.7726741095162146
3.7726741095162146
3.7726741095162146
3.7726741095162146
3.7726741095162146
3.7726741095162146
3.7726741095162146
3.7726741095162146
3.7726741095162146
3.8583732057416267
3.8583732057416267
3.8583732057416267
3.8583732057416267
3.8583732057416267
3.8583732057416267
3.8583732057416267
3.8583732057416267
3.8583732057416267
3.8583732057416267
3.8583732057416267
3.8583732057416267
3.8583732057416267
3.8583732057416267
3.8583732057416267
3.8983519404572036
3.8983519404572036
3.8983519404572036
3.8983519404572036
3.8983519404572036
3.8983519404572036
3.8983519404572036
3.8983519404572036
3.8983519404572036
3.8983519404572036
3.8983519404572036
3.8983519404572036
3.8983519404572036
3.8983519404572036
3.8983519404572036
3.950877192982456
3.950877192982456
3.950877192982456
3.950877192982456
3.950877192982456
3.950877192982456
3.950877192982456
3.950877192982456
3.950877192982456
3.950877192982456
3.950877192982456
3.950877192982456
3.950877192982456
3.950877192982456
3.950877192982456
3.9933014354066985
3.9933014354066985
3.9933014354066985
3.9933014354066985
3.9933014354066985
3.9933014354066985
3.9933014354066985
3.9933014354066985
3.9933014354066985
3.9933014354066985
3.9933014354066985
3.9933014354066985
3.9933014354066985
3.9933014354066985
3.9933014354066985
3.9933014354066985
4.037958532695375
4.037958532695375
4.037958532695375
4.037958532695375
4.037958532695375
4.037958532695375
4.037958532695375
4.037958532695375
4.037958532695375
4.037958532695375
4.037958532695375
4.037958532695375
4.037958532695375
4.037958532695375
4.037958532695375
4.096225412014886
4.096225412014886
4.096225412014886
4.096225412014886
4.096225412014886
4.096225412014886
4.096225412014886
4.096225412014886
4.096225412014886
4.096225412014886
4.096225412014886
4.096225412014886
4.096225412014886
4.096225412014886
4.096225412014886
4.132163742690058
4.132163742690058
4.132163742690058
4.132163742690058
4.132163742690058
4.132163742690058
4.132163742690058
4.132163742690058
4.132163742690058
4.132163742690058
4.132163742690058
4.132163742690058
4.132163742690058
4.132163742690058
4.202764486975013
4.202764486975013
4.202764486975013
4.202764486975013
4.202764486975013
4.202764486975013
4.202764486975013
4.202764486975013
4.202764486975013
4.202764486975013
4.202764486975013
4.202764486975013
4.202764486975013
4.202764486975013
4.202764486975013
4.202764486975013
4.219989367357789
4.219989367357789
4.219989367357789
4.219989367357789
4.219989367357789
4.219989367357789
4.219989367357789
4.219989367357789
4.219989367357789
4.219989367357789
4.219989367357789
4.219989367357789
4.219989367357789
4.219989367357789
4.235406698564593
4.235406698564593
4.235406698564593
4.235406698564593
4.235406698564593
4.235406698564593
4.235406698564593
4.235406698564593
4.235406698564593
4.235406698564593
4.235406698564593
4.235406698564593
4.235406698564593
4.235406698564593
4.235406698564593
4.235406698564593
4.261244019138756
4.261244019138756
4.261244019138756
4.261244019138756
4.261244019138756
4.261244019138756
4.261244019138756
4.261244019138756
4.261244019138756
4.261244019138756
4.261244019138756
4.261244019138756
4.261244019138756
4.261244019138756
4.261244019138756
4.292185007974481
4.292185007974481
4.292185007974481
4.292185007974481
4.292185007974481
4.292185007974481
4.292185007974481
4.292185007974481
4.292185007974481
4.292185007974481
4.292185007974481
4.292185007974481
4.292185007974481
4.292185007974481
4.292185007974481
4.338755980861244
4.338755980861244
4.338755980861244
4.338755980861244
4.338755980861244
4.338755980861244
4.338755980861244
4.338755980861244
4.338755980861244
4.338755980861244
4.338755980861244
4.338755980861244
4.338755980861244
4.338755980861244
4.338755980861244
4.423391812865497
4.423391812865497
4.423391812865497
4.423391812865497
4.423391812865497
4.423391812865497
4.423391812865497
4.423391812865497
4.423391812865497
4.423391812865497
4.423391812865497
4.423391812865497
4.423391812865497
4.423391812865497
4.423391812865497
4.47591706539075
4.47591706539075
4.47591706539075
4.47591706539075
4.47591706539075
4.47591706539075
4.47591706539075
4.47591706539075
4.47591706539075
4.47591706539075
4.47591706539075
4.47591706539075
4.47591706539075
4.47591706539075
4.47591706539075
4.520786815523658
4.520786815523658
4.520786815523658
4.520786815523658
4.520786815523658
4.520786815523658
4.520786815523658
4.520786815523658
4.520786815523658
4.520786815523658
4.520786815523658
4.520786815523658
4.520786815523658
4.520786815523658
4.520786815523658
4.583519404572036
4.583519404572036
4.583519404572036
4.583519404572036
4.583519404572036
4.583519404572036
4.583519404572036
4.583519404572036
4.583519404572036
4.583519404572036
4.583519404572036
4.583519404572036
4.583519404572036
4.583519404572036
4.583519404572036
4.700797448165869
4.700797448165869
4.700797448165869
4.700797448165869
4.700797448165869
4.700797448165869
4.700797448165869
4.700797448165869
4.700797448165869
4.700797448165869
4.700797448165869
4.700797448165869
4.700797448165869
4.700797448165869
4.700797448165869
4.785220627325891
4.785220627325891
4.785220627325891
4.785220627325891
4.785220627325891
4.785220627325891
4.785220627325891
4.785220627325891
4.785220627325891
4.785220627325891
4.785220627325891
4.785220627325891
4.785220627325891
4.785220627325891
4.785220627325891
4.842317916002126
4.842317916002126
4.842317916002126
4.842317916002126
4.842317916002126
4.842317916002126
4.842317916002126
4.842317916002126
4.842317916002126
4.842317916002126
4.842317916002126
4.842317916002126
4.842317916002126
4.842317916002126
4.842317916002126
4.907283359914939
4.907283359914939
4.907283359914939
4.907283359914939
4.907283359914939
4.907283359914939
4.907283359914939
4.907283359914939
4.907283359914939
4.907283359914939
4.907283359914939
4.907283359914939
4.907283359914939
4.907283359914939
4.907283359914939
4.937480063795853
4.937480063795853
4.937480063795853
4.937480063795853
4.937480063795853
4.937480063795853
4.937480063795853
4.937480063795853
4.937480063795853
4.937480063795853
4.937480063795853
4.937480063795853
4.937480063795853
4.937480063795853
4.937480063795853
4.971398192450824
4.971398192450824
4.971398192450824
4.971398192450824
4.971398192450824
4.971398192450824
4.971398192450824
4.971398192450824
4.971398192450824
4.971398192450824
4.971398192450824
4.971398192450824
4.971398192450824
4.971398192450824
4.971398192450824
5.023710792131845
5.023710792131845
5.023710792131845
5.023710792131845
5.023710792131845
5.023710792131845
5.023710792131845
5.023710792131845
5.023710792131845
5.023710792131845
5.023710792131845
5.023710792131845
5.023710792131845
5.023710792131845
5.023710792131845
5.069856459330143
5.069856459330143
5.069856459330143
5.069856459330143
5.069856459330143
5.069856459330143
5.069856459330143
5.069856459330143
5.069856459330143
5.069856459330143
5.069856459330143
5.069856459330143
5.069856459330143
5.069856459330143
5.069856459330143
5.116427432216906
5.116427432216906
5.116427432216906
5.116427432216906
5.116427432216906
5.116427432216906
5.116427432216906
5.116427432216906
5.116427432216906
5.116427432216906
5.116427432216906
5.116427432216906
5.116427432216906
5.116427432216906
5.116427432216906
5.139819245082403
5.139819245082403
5.139819245082403
5.139819245082403
5.139819245082403
5.139819245082403
5.139819245082403
5.139819245082403
5.139819245082403
5.139819245082403
5.139819245082403
5.139819245082403
5.139819245082403
5.139819245082403
5.139819245082403
5.1486443381180225
5.1486443381180225
5.1486443381180225
5.1486443381180225
5.1486443381180225
5.1486443381180225
5.1486443381180225
5.1486443381180225
5.1486443381180225
5.1486443381180225
5.1486443381180225
5.1486443381180225
5.1486443381180225
5.1486443381180225
5.1486443381180225
5.172248803827751
5.172248803827751
5.172248803827751
5.172248803827751
5.172248803827751
5.172248803827751
5.172248803827751
5.172248803827751
5.172248803827751
5.172248803827751
5.172248803827751
5.172248803827751
5.172248803827751
5.172248803827751
5.172248803827751
5.198405103668262
5.198405103668262
5.198405103668262
5.198405103668262
5.198405103668262
5.198405103668262
5.198405103668262
5.198405103668262
5.198405103668262
5.198405103668262
5.198405103668262
5.198405103668262
5.198405103668262
5.198405103668262
5.198405103668262
5.215842636895268
5.215842636895268
5.215842636895268
5.215842636895268
5.215842636895268
5.215842636895268
5.215842636895268
5.215842636895268
5.215842636895268
5.215842636895268
5.215842636895268
5.215842636895268
5.215842636895268
5.215842636895268
5.215842636895268
5.232004253056885
5.232004253056885
5.232004253056885
5.232004253056885
5.232004253056885
5.232004253056885
5.232004253056885
5.232004253056885
5.232004253056885
5.232004253056885
5.232004253056885
5.232004253056885
5.232004253056885
5.232004253056885
5.232004253056885
5.2751727804359385
5.2751727804359385
5.2751727804359385
5.2751727804359385
5.2751727804359385
5.2751727804359385
5.2751727804359385
5.2751727804359385
5.2751727804359385
5.2751727804359385
5.2751727804359385
5.2751727804359385
5.2751727804359385
5.2751727804359385
5.2751727804359385
5.30388091440723
5.30388091440723
5.30388091440723
5.30388091440723
5.30388091440723
5.30388091440723
5.30388091440723
5.30388091440723
5.30388091440723
5.30388091440723
5.30388091440723
5.30388091440723
5.30388091440723
5.30388091440723
5.30388091440723
5.328017012227539
5.328017012227539
5.328017012227539
5.328017012227539
5.328017012227539
5.328017012227539
5.328017012227539
5.328017012227539
5.328017012227539
5.328017012227539
5.328017012227539
5.328017012227539
5.328017012227539
5.328017012227539
5.328017012227539
5.381499202551834
5.381499202551834
5.381499202551834
5.381499202551834
5.381499202551834
5.381499202551834
5.381499202551834
5.381499202551834
5.381499202551834
5.381499202551834
5.381499202551834
5.381499202551834
5.381499202551834
5.381499202551834
5.381499202551834
5.429346092503987
5.429346092503987
5.429346092503987
5.429346092503987
5.429346092503987
5.429346092503987
5.429346092503987
5.429346092503987
5.429346092503987
5.429346092503987
5.429346092503987
5.429346092503987
5.429346092503987
5.429346092503987
5.429346092503987
5.523551302498671
5.523551302498671
5.523551302498671
5.523551302498671
5.523551302498671
5.523551302498671
5.523551302498671
5.523551302498671
5.523551302498671
5.523551302498671
5.523551302498671
5.523551302498671
5.523551302498671
5.523551302498671
5.523551302498671
5.627538543328017
5.627538543328017
5.627538543328017
5.627538543328017
5.627538543328017
5.627538543328017
5.627538543328017
5.627538543328017
5.627538543328017
5.627538543328017
5.627538543328017
5.627538543328017
5.627538543328017
5.627538543328017
5.627538543328017
5.7552365762892075
5.7552365762892075
5.7552365762892075
5.7552365762892075
5.7552365762892075
5.7552365762892075
5.7552365762892075
5.7552365762892075
5.7552365762892075
5.7552365762892075
5.7552365762892075
5.7552365762892075
5.7552365762892075
5.7552365762892075
5.7552365762892075
5.866241360978203
5.866241360978203
5.866241360978203
5.866241360978203
5.866241360978203
5.866241360978203
5.866241360978203
5.866241360978203
5.866241360978203
5.866241360978203
5.866241360978203
5.866241360978203
5.866241360978203
5.866241360978203
5.866241360978203
6.024561403508772
6.024561403508772
6.024561403508772
6.024561403508772
6.024561403508772
6.024561403508772
6.024561403508772
6.024561403508772
6.024561403508772
6.024561403508772
6.024561403508772
6.024561403508772
6.024561403508772
6.024561403508772
6.024561403508772
6.170441254651781
6.170441254651781
6.170441254651781
6.170441254651781
6.170441254651781
6.170441254651781
6.170441254651781
6.170441254651781
6.170441254651781
6.170441254651781
6.170441254651781
6.170441254651781
6.170441254651781
6.170441254651781
6.170441254651781
6.293035619351409
6.293035619351409
6.293035619351409
6.293035619351409
6.293035619351409
6.293035619351409
6.293035619351409
6.293035619351409
6.293035619351409
6.293035619351409
6.293035619351409
6.293035619351409
6.293035619351409
6.293035619351409
6.293035619351409
6.4469962785752255
6.4469962785752255
6.4469962785752255
6.4469962785752255
6.4469962785752255
6.4469962785752255
6.4469962785752255
6.4469962785752255
6.4469962785752255
6.4469962785752255
6.4469962785752255
6.4469962785752255
6.4469962785752255
6.4469962785752255
6.4469962785752255
6.567889420520999
6.567889420520999
6.567889420520999
6.567889420520999
6.567889420520999
6.567889420520999
6.567889420520999
6.567889420520999
6.567889420520999
6.567889420520999
6.567889420520999
6.567889420520999
6.567889420520999
6.567889420520999
6.567889420520999
6.716640085061138
6.716640085061138
6.716640085061138
6.716640085061138
6.716640085061138
6.716640085061138
6.716640085061138
6.716640085061138
6.716640085061138
6.716640085061138
6.716640085061138
6.716640085061138
6.716640085061138
6.716640085061138
6.716640085061138
6.826475279106858
6.826475279106858
6.826475279106858
6.826475279106858
6.826475279106858
6.826475279106858
6.826475279106858
6.826475279106858
6.826475279106858
6.826475279106858
6.826475279106858
6.826475279106858
6.826475279106858
6.826475279106858
6.826475279106858
6.886975013290803
6.886975013290803
6.886975013290803
6.886975013290803
6.886975013290803
6.886975013290803
6.886975013290803
6.886975013290803
6.886975013290803
6.886975013290803
6.886975013290803
6.886975013290803
6.886975013290803
6.886975013290803
6.886975013290803
6.947900053163211
6.947900053163211
6.947900053163211
6.947900053163211
6.947900053163211
6.947900053163211
6.947900053163211
6.947900053163211
6.947900053163211
6.947900053163211
6.947900053163211
6.947900053163211
6.947900053163211
6.947900053163211
6.947900053163211
7.039128123338649
7.039128123338649
7.039128123338649
7.039128123338649
7.039128123338649
7.039128123338649
7.039128123338649
7.039128123338649
7.039128123338649
7.039128123338649
7.039128123338649
7.039128123338649
7.039128123338649
7.039128123338649
7.039128123338649
7.167251461988304
7.167251461988304
7.167251461988304
7.167251461988304
7.167251461988304
7.167251461988304
7.167251461988304
7.167251461988304
7.167251461988304
7.167251461988304
7.167251461988304
7.167251461988304
7.167251461988304
7.167251461988304
7.167251461988304
7.270494417862839
7.270494417862839
7.270494417862839
7.270494417862839
7.270494417862839
7.270494417862839
7.270494417862839
7.270494417862839
7.270494417862839
7.270494417862839
7.270494417862839
7.270494417862839
7.270494417862839
7.270494417862839
7.270494417862839
7.358532695374801
7.358532695374801
7.358532695374801
7.358532695374801
7.358532695374801
7.358532695374801
7.358532695374801
7.358532695374801
7.358532695374801
7.358532695374801
7.358532695374801
7.358532695374801
7.358532695374801
7.358532695374801
7.358532695374801
7.421477937267411
7.421477937267411
7.421477937267411
7.421477937267411
7.421477937267411
7.421477937267411
7.421477937267411
7.421477937267411
7.421477937267411
7.421477937267411
7.421477937267411
7.421477937267411
7.421477937267411
7.421477937267411
7.421477937267411
7.459117490696438
7.459117490696438
7.459117490696438
7.459117490696438
7.459117490696438
7.459117490696438
7.459117490696438
7.459117490696438
7.459117490696438
7.459117490696438
7.459117490696438
7.459117490696438
7.459117490696438
7.459117490696438
7.459117490696438
7.509409888357257
7.509409888357257
7.509409888357257
7.509409888357257
7.509409888357257
7.509409888357257
7.509409888357257
7.509409888357257
7.509409888357257
7.509409888357257
7.509409888357257
7.509409888357257
7.509409888357257
7.509409888357257
7.509409888357257
7.5484316852737905
7.5484316852737905
7.5484316852737905
7.5484316852737905
7.5484316852737905
7.5484316852737905
7.5484316852737905
7.5484316852737905
7.5484316852737905
7.5484316852737905
7.5484316852737905
7.5484316852737905
7.5484316852737905
7.5484316852737905
7.5484316852737905
7.579479000531632
7.579479000531632
7.579479000531632
7.579479000531632
7.579479000531632
7.579479000531632
7.579479000531632
7.579479000531632
7.579479000531632
7.579479000531632
7.579479000531632
7.579479000531632
7.579479000531632
7.579479000531632
7.579479000531632
7.6007442849548115
7.6007442849548115
7.6007442849548115
7.6007442849548115
7.6007442849548115
7.6007442849548115
7.6007442849548115
7.6007442849548115
7.6007442849548115
7.6007442849548115
7.6007442849548115
7.6007442849548115
7.6007442849548115
7.6007442849548115
7.6007442849548115
7.616799574694311
7.616799574694311
7.616799574694311
7.616799574694311
7.616799574694311
7.616799574694311
7.616799574694311
7.616799574694311
7.616799574694311
7.616799574694311
7.616799574694311
7.616799574694311
7.616799574694311
7.616799574694311
7.616799574694311
7.629984051036683
7.629984051036683
7.629984051036683
7.629984051036683
7.629984051036683
7.629984051036683
7.629984051036683
7.629984051036683
7.629984051036683
7.629984051036683
7.629984051036683
7.629984051036683
7.629984051036683
7.629984051036683
7.629984051036683
7.651461988304094
7.651461988304094
7.651461988304094
7.651461988304094
7.651461988304094
7.651461988304094
7.651461988304094
7.651461988304094
7.651461988304094
7.651461988304094
7.651461988304094
7.651461988304094
7.651461988304094
7.651461988304094
7.651461988304094
7.663370547581074
7.663370547581074
7.663370547581074
7.663370547581074
7.663370547581074
7.663370547581074
7.663370547581074
7.663370547581074
7.663370547581074
7.663370547581074
7.663370547581074
7.663370547581074
7.663370547581074
7.663370547581074
7.663370547581074
7.696438064859118
7.696438064859118
7.696438064859118
7.696438064859118
7.696438064859118
7.696438064859118
7.696438064859118
7.696438064859118
7.696438064859118
7.696438064859118
7.696438064859118
7.696438064859118
7.696438064859118
7.696438064859118
7.696438064859118
7.723444976076555
7.723444976076555
7.723444976076555
7.723444976076555
7.723444976076555
7.723444976076555
7.723444976076555
7.723444976076555
7.723444976076555
7.723444976076555
7.723444976076555
7.723444976076555
7.723444976076555
7.723444976076555
7.723444976076555
7.757469431153642
7.757469431153642
7.757469431153642
7.757469431153642
7.757469431153642
7.757469431153642
7.757469431153642
7.757469431153642
7.757469431153642
7.757469431153642
7.757469431153642
7.757469431153642
7.757469431153642
7.757469431153642
7.757469431153642
7.7728867623604465
7.7728867623604465
7.7728867623604465
7.7728867623604465
7.7728867623604465
7.7728867623604465
7.7728867623604465
7.7728867623604465
7.7728867623604465
7.7728867623604465
7.7728867623604465
7.7728867623604465
7.7728867623604465
7.7728867623604465
7.7728867623604465
7.781392876129718
7.781392876129718
7.781392876129718
7.781392876129718
7.781392876129718
7.781392876129718
7.781392876129718
7.781392876129718
7.781392876129718
7.781392876129718
7.781392876129718
7.781392876129718
7.781392876129718
7.781392876129718
7.781392876129718
7.78628389154705
7.78628389154705
7.78628389154705
7.78628389154705
7.78628389154705
7.78628389154705
7.78628389154705
7.78628389154705
7.78628389154705
7.78628389154705
7.78628389154705
7.78628389154705
7.78628389154705
7.78628389154705
7.78628389154705
7.796597554492291
7.796597554492291
7.796597554492291
7.796597554492291
7.796597554492291
7.796597554492291
7.796597554492291
7.796597554492291
7.796597554492291
7.796597554492291
7.796597554492291
7.796597554492291
7.796597554492291
7.796597554492291
7.796597554492291
7.811589580010633
7.811589580010633
7.811589580010633
7.811589580010633
7.811589580010633
7.811589580010633
7.811589580010633
7.811589580010633
7.811589580010633
7.811589580010633
7.811589580010633
7.811589580010633
7.811589580010633
7.811589580010633
7.811589580010633
7.825624667729931
7.825624667729931
7.825624667729931
7.825624667729931
7.825624667729931
7.825624667729931
7.825624667729931
7.825624667729931
7.825624667729931
7.825624667729931
7.825624667729931
7.825624667729931
7.825624667729931
7.825624667729931
7.841041998936736
7.841041998936736
7.841041998936736
7.841041998936736
7.841041998936736
7.841041998936736
7.841041998936736
7.841041998936736
7.841041998936736
7.841041998936736
7.841041998936736
7.841041998936736
7.841041998936736
7.852950558213716
7.852950558213716
7.852950558213716
7.852950558213716
7.852950558213716
7.852950558213716
7.852950558213716
7.852950558213716
7.852950558213716
7.852950558213716
7.852950558213716
7.852950558213716
7.852950558213716
7.852950558213716
7.85933014354067
7.85933014354067
7.85933014354067
7.85933014354067
7.85933014354067
7.85933014354067
7.85933014354067
7.85933014354067
7.85933014354067
7.85933014354067
7.85933014354067
7.85933014354067
7.85933014354067
7.85933014354067
7.867729930887825
7.867729930887825
7.867729930887825
7.867729930887825
7.867729930887825
7.867729930887825
7.867729930887825
7.867729930887825
7.867729930887825
7.867729930887825
7.867729930887825
7.867729930887825
7.867729930887825
7.867729930887825
7.870707070707071
7.870707070707071
7.870707070707071
7.870707070707071
7.870707070707071
7.870707070707071
7.870707070707071
7.870707070707071
7.870707070707071
7.870707070707071
