x,y
2.5310686351209414e-05,-1.2434919613923673e-09
2.5310686351209414e-05,-1.2434919613923673e-09
-1.1014121879078173e-14,-1.3011972298562607e-09
5.062137271294131e-05,-1.5523848690512188e-09
-1.0175535544373893e-14,-1.9370866588071385e-09
2.5310686350030633e-05,-1.6123530892248367e-09
2.5310686350030633e-05,-1.6123530892248367e-09
-1.1487111853088552e-14,-1.8099842047463993e-09
-1.1487111853088552e-14,-1.8099842047463993e-09
2.5310686338943303e-05,-2.7815448031089593e-09
-2.3343811286118468e-14,-2.7921052443964783e-09
2.5310686337580356e-05,-2.5292256880654624e-09
2.5310686337580356e-05,-2.5292256880654624e-09
2.5310686337580356e-05,-2.5292256880654624e-09
2.5310686337580356e-05,-2.5292256880654624e-09
-2.369734250951168e-14,-2.3029305176216405e-09
2.5310686338472726e-05,-2.225235842435015e-09
-2.123762659332097e-14,-2.5865537979028592e-09
5.062137270304111e-05,-2.7608010791465796e-09
2.5310686345151706e-05,-2.287467014322409e-09
-1.2619544081590717e-14,-1.8092298874732164e-09
-1.2619544081590717e-14,-1.8092298874732164e-09
-1.2619544081590717e-14,-1.8092298874732164e-09
-1.2619544081590717e-14,-1.8092298874732164e-09
-1.2631043400882641e-14,-1.8009323978901737e-09
-1.0902510041684368e-14,-2.0660749059235376e-09
-1.0902510041684368e-14,-2.0660749059235376e-09
2.531068635103267e-05,-1.932183596743117e-09
2.531068635103267e-05,-1.932183596743117e-09
-1.1221397617534878e-14,-1.974425361893174e-09
5.062137271317108e-05,-2.1117110986307533e-09
2.5310686353989556e-05,-1.6840132265003e-09
5.0621372715510014e-05,-1.4592266905247171e-09
2.5310686353217838e-05,-1.8382711010214473e-09
2.5310686353217838e-05,-1.8382711010214473e-09
-8.619620723562468e-15,-1.9895117066025166e-09
-8.619620723562468e-15,-1.9895117066025166e-09
2.5310686354029407e-05,-2.3745906549772417e-09
2.5310686353991003e-05,-2.344795124201768e-09
2.531068635881514e-05,-1.881644342052161e-09
8.566610013591505e-15,-1.100926004134375e-09
2.5310686370087295e-05,-9.036720472302124e-10
2.531068636652006e-05,-1.3834178085570626e-09
2.531068636652006e-05,-1.3834178085570626e-09
2.5310686371360047e-05,-1.016819632468341e-09
2.531068637130246e-05,-1.0948914662724475e-09
2.5310686371261808e-05,-9.474224468648066e-10
2.5310686371169546e-05,-1.0620786665577352e-09
0.00012655342763477214,3.131321669313165e-08
0.0028347964904762066,1.4620504104229471e-06
0.006251738609776543,3.3811925154799526e-06
0.009542126766713828,6.022788550694771e-06
0.014224601900078997,1.0175046405395052e-05
0.019387980204363612,1.4376927853228904e-05
0.02467791071118241,1.9956941418315323e-05
0.030777783750848237,2.5336895679717114e-05
0.03748511170883215,3.259330536942054e-05
0.04378746954801117,3.8808587210131775e-05
0.05206405907115928,4.783079773613334e-05
0.0612012113384644,5.7859396962582356e-05
0.07051553919412634,6.722727732538252e-05
0.08081698258200676,7.830894176335576e-05
0.09177650233442025,9.10802817113797e-05
0.10101489765905278,0.00010085761916802744
0.1134677509796231,0.00011127116801652989
0.1259965379267882,0.00011964639690813221
0.13933526440157676,0.00013144761834035822
0.15307895975104888,0.00014565597258237706
0.16727824261386373,0.00016419824724449864
0.17937673539617563,0.00018340454609714206
0.19501870733180812,0.00021511665059605818
0.2115465371745637,0.0002550753277226568
0.22878305507504643,0.0003003581102383828
0.24642453823200713,0.0003483349384622666
0.2647494027106753,0.00039986363109529796
0.27970796051294916,0.000441458878045035
0.2994249256846429,0.0004897923752764637
0.31992653771849333,0.0005322262075622673
0.34070657328421217,0.0005719314048464408
0.36204343151544166,0.0006182440058678666
0.3836839928905246,0.0006753925232820178
0.4017557427528953,0.0007290952997224493
0.42511735776811294,0.0008123811518495085
0.44895998822705585,0.0008453748525533215
0.47325782756249685,0.0007107497305424917
0.497680190393635,0.00036807079583300244
0.5226314185613158,-0.0001359424665481274
0.5430511505658714,-0.0006299212864413995
0.5681738875133278,-0.001365008664661277
0.5928617291512991,-0.0022361261361202867
0.6172376251868199,-0.003307774788065367
0.641297638473967,-0.004618135882017887
0.6601370306247326,-0.0058800544138620636
0.6832397957384638,-0.007822959213767784
0.7059435858296206,-0.010218789134513798
0.7281838785322303,-0.013091172481589109
0.7499879767182943,-0.016509436672076154
0.7712372428732055,-0.020467496946024025
0.787794226644159,-0.024012771703799913
0.807938355843395,-0.029006913683916214
0.827570564611704,-0.03464165842565093
0.8466199489664323,-0.0408819764282707
0.8651723933715728,-0.04784824305134897
0.8830545605815088,-0.055466823063357325
0.8970140548959157,-0.0620607068426723
0.9138479705618855,-0.07094057755311318
0.9301649585143107,-0.08053978402458842
0.9459948562503239,-0.09083084821184223
0.961348896191959,-0.1019052590706831
0.9762111778108187,-0.11371289983033184
0.9877950996519516,-0.12368756547739318
1.0016014437764074,-0.13667728468797177
1.0150181996261585,-0.15053083903001846
1.02764047153514,-0.16477607279013512
1.0394652732489722,-0.1794951013121385
1.0506457634042692,-0.1948034811505551
1.059283242195645,-0.20763028304181397
1.0695494402570973,-0.22428444787642698
1.079285422048169,-0.24154571577172318
1.0885053322225553,-0.2595155838889501
1.0973598484718832,-0.2783699118699298
1.1057194800497094,-0.2977800592606717
1.1120690911681361,-0.3136405375122751
1.11697684712233,-0.32661349423334235
1.1172517751679492,-0.3273483825008004
1.1172697372806868,-0.32739570985185795
1.1172696211562847,-0.3273957551197672
1.1172602510790302,-0.3273722427294896
1.1172794160588477,-0.32741909597831487
1.1174180183600912,-0.3277452133703737
1.1177907961305982,-0.32860431592022626
1.1182133485209775,-0.32955212582793797
1.1186558235749473,-0.33051870844699016
1.1189884696986976,-0.3312293343057466
1.1196020537979117,-0.33250703538853016
1.1204950583052653,-0.33432433136350553
1.121841651840278,-0.3369901835970636
1.1234031681237648,-0.34000095734669705
1.1253164005670784,-0.34359890558667994
1.1271168794455324,-0.3469126386430476
1.1296115661747976,-0.351404424365588
1.1322259391135039,-0.3560031546754802
1.1352463382036215,-0.3611858739636791
1.1386539047304254,-0.36690426968994183
1.1426344109666675,-0.3734298563246007
1.1461480085233096,-0.37908371846220207
1.1509621654720872,-0.38667047995845183
1.1560218617727376,-0.3944907134276706
1.1616284686406084,-0.40304214836001584
1.1676265965518937,-0.41215404644061904
1.17262442633329,-0.41974264582446863
1.179198033310334,-0.42971811539642213
1.1860635784259521,-0.44013775916681364
1.193230448013476,-0.4510257011392264
1.20063152988382,-0.4623653751415757
1.2082804105031502,-0.47429832756989404
1.2145033534995904,-0.48416858814402397
1.22253215361173,-0.49702927733382707
1.2307628542190443,-0.5102114931187366
1.2394636745201382,-0.5241147001620272
1.2484283365704745,-0.5384200994628494
1.257777881820031,-0.5533505320595796
1.2653540878880731,-0.5655090992388058
1.2750222383649763,-0.5812544850855028
1.2847089672193523,-0.5974030727489041
1.2947131994027703,-0.6144815609351385
1.3045105356526416,-0.6316504125269927
1.3140950198026489,-0.6489678358424882
1.321450478799521,-0.6627436120860107
1.3301458211416324,-0.6799301822721561
1.338459811099417,-0.69755663273236
1.3462835467270857,-0.7158194365597382
1.353252873264196,-0.7340730998200155
1.3593498769193422,-0.7523428904896255
1.363567983391281,-0.7668515685410242
1.3678418423136596,-0.7846436415037995
1.3712592253270766,-0.8027234004591709
1.3736185633483537,-0.8205879363423741
1.3749548181652105,-0.8380756304810203
1.375293265907286,-0.8553325560140258
1.374913696464048,-0.8695254879162955
1.373521999513551,-0.8874914502524267
1.371212327166776,-0.9058480144462118
1.3679460950619453,-0.9244953339036917
1.3637519485587388,-0.9434749730664502
1.3598077477643502,-0.9587414255195991
1.3541645211533622,-0.9775533699289055
1.347734840722327,-0.9962183520663842
1.3405587827493621,-1.014718350247633
1.3324794383612086,-1.0333946991962135
1.3236010528662991,-1.0521538615161725
1.3159557025027782,-1.0672335269274713
1.3057012108311823,-1.0861171258641227
1.2947508371480319,-1.1049873650098625
1.283217188747064,-1.1238046467116207
1.2710242091153043,-1.1427155537996692
1.2582417058933133,-1.1616926202828306
1.2477373993708043,-1.1767386238077597
1.2344066020602649,-1.19505359451454
1.2206781241788762,-1.2131041623554697
1.2064771497348168,-1.2309799330481892
1.1918687900783125,-1.2485900712336597
1.1771268951277998,-1.2656895735652243
1.1650690269328343,-1.2792181623536762
1.149741918183416,-1.2957606174635465
1.1339833025090706,-1.312209725100508
1.1180261699326575,-1.328466347419156
1.101989173686229,-1.3445013344679566
1.0855126496827543,-1.3606318393561587
1.0724703031805856,-1.3732143541812598
1.0561015145576613,-1.3889105777014745
1.0398938637599142,-1.404555217826355
1.0237776929911129,-1.4204024948156448
1.007662053431092,-1.4365378214109414
0.9917655224322269,-1.452712094182904
0.9790838309578418,-1.4657993390019703
0.9634498313337561,-1.4822623735696108
0.9478638700089403,-1.4989792279810226
0.9323152532728942,-1.5157653610508444
0.9168619168979337,-1.5324327442768666
0.9015597039058589,-1.548964104968003
0.8892786147293427,-1.5622562579607822
0.8737686696415939,-1.5789055196390807
0.8582597342874236,-1.5952430269945612
0.8424173464433653,-1.6115409391765212
0.8264304930886147,-1.6276615900004223
0.8133474453729381,-1.6406367802775867
0.796965068113949,-1.6565375081208942
0.7804357699554073,-1.6721750852447788
0.7637891974682666,-1.6874266913850375
0.7468918184924178,-1.7023234091150379
0.7295983316510044,-1.7169549463325746
0.7158676539474376,-1.7281115527753539
0.698537174551097,-1.741530975953605
0.6808676198155101,-1.7545006396420044
0.6629146227335914,-1.7669868168034204
0.6443882466324629,-1.7791209076038303
0.6254669986523027,-1.7908232332457852
0.6102662992927059,-1.799775905282099
0.5910654896649975,-1.810451815319069
0.5715593378174207,-1.8206690032607586
0.5518742787239819,-1.830308759270307
0.5316776800042244,-1.8395786325773802
0.5114013947997132,-1.8482953740629695
0.4948014121450785,-1.855044840600265
0.4736212215314824,-1.8631501337664906
0.4525450122244604,-1.8708105780563875
0.43136231190435925,-1.8782483181569127
0.4097574711612454,-1.8857052965868781
0.3882201765628164,-1.8931252618455945
0.37093680624947506,-1.899138639647085
0.3497197105719262,-1.9067066207608743
0.32836268914027356,-1.9146302774424346
0.307155888773137,-1.9229471539351628
0.286309957213262,-1.931616654661422
0.26615779087957636,-1.9405543105252885
0.2504664136834645,-1.9479277614733388
0.231116933184742,-1.9576176776189655
0.21181574747816118,-1.9678978004326024
0.1926579840464492,-1.9787538884955234
0.17378263195583044,-1.9900939428466287
0.15896607536857413,-1.9994337236049577
0.1406100786360531,-2.0116422218787577
0.12265303609523051,-2.0242549896099393
0.10495762374007846,-2.037317944346379
0.08759137637634601,-2.0508152389248444
0.0705372878264684,-2.0647448308333725
0.05715976259555596,-2.0761671589363275
0.04097850157687305,-2.0906880519315343
0.025185542299529972,-2.1056303570433634
0.009638457791597103,-2.121080971986999
-0.005573159553718563,-2.137002121735884
-0.020456291038482607,-2.1533678209984313
-0.031989398849601156,-2.1666164086966564
-0.04590124910408015,-2.183422919719482
-0.05946231450336494,-2.2006429757681127
-0.07266570542105846,-2.218328542902785
-0.0854396744277219,-2.2363266883939077
-0.09771783831972855,-2.254575194247485
-0.10722899852515036,-2.2693727359471514
-0.11888224438097285,-2.288413484185929
-0.13022889462297765,-2.3078147991357927
-0.14126562046765878,-2.3276260961606603
-0.15194143480229277,-2.347691559921582
-0.1622598025796896,-2.368028337648191
-0.17020923599525498,-2.3842577358591854
-0.1799802701484158,-2.404835258644853
-0.18962878215270726,-2.425638092053391
-0.1991275163034196,-2.446537527604607
-0.20828177904475662,-2.4671200740389083
-0.21720236725053477,-2.4877222033325688
-0.22422558610789406,-2.5044008788443333
-0.23282928768360722,-2.525411139803243
-0.24126800304718576,-2.546515499918514
-0.24954089406517282,-2.5677397315609345
-0.2576460996743574,-2.5891638828832986
-0.26392394147658127,-2.6062450967735655
-0.27157947850848746,-2.6276191118821237
-0.2791255579182082,-2.6491661447602137
-0.28645517308301444,-2.6706541001725803
-0.2935606235198697,-2.6922704459588362
-0.30032096151715704,-2.7136523915028365
-0.30567205433497774,-2.7310462231035206
-0.3121673734097988,-2.752800892160019
-0.3185072665511234,-2.774785806535024
-0.32462172999143296,-2.796781968869857
-0.33046470077870854,-2.8185636741785007
-0.33620613563189383,-2.840607839462016
-0.34068166351639023,-2.858299477367623
-0.34611905989210096,-2.8806290251948
-0.35123311375744376,-2.9025672957817092
-0.3560751357738438,-2.9244375912905762
-0.3607681005649842,-2.946676757289892
-0.3652911298281115,-2.96918350243024
-0.36873816932114717,-2.9870523999137317
-0.372846681718606,-3.009329724961089
-0.3767228109125572,-3.0314944916551037
-0.38031876684781335,-3.0540139463301466
-0.3835199832620423,-3.076618391806277
-0.38618597211169803,-3.0988332772172513
-0.38789802610421387,-3.116187748159312
-0.3895067792429101,-3.1378949593124235
-0.3905769587488002,-3.1596355542511803
-0.3910807896866387,-3.181497792180076
-0.3910625719764067,-3.203517700551949
-0.3905101286217179,-3.225454717022493
-0.3896921495309578,-3.243026252330628
-0.3881444960908175,-3.2645602146595873
-0.3860343486525792,-3.285766741328822
-0.3832931016439862,-3.306824204364495
-0.37993848062699426,-3.327869576339839
-0.37594210717581356,-3.3489313682968995
-0.3724011641841355,-3.3653081318717755
-0.3673916439927599,-3.3856311914368105
-0.36177654420129546,-3.4058480907908866
-0.3554883089464233,-3.4260247545997484
-0.3484712059869234,-3.446495657951205
-0.342376364271887,-3.463131498261629
-0.3341717734783018,-3.484110391858489
-0.3254883813442214,-3.5050054017402017
-0.3163600255971286,-3.525903556179171
-0.30708705566524935,-3.5464328816527213
-0.29752869795776626,-3.567221595950298
-0.2898177016227097,-3.5838172774019807
-0.28024061663684185,-3.604346299171072
-0.2707809164869088,-3.6245949261357278
-0.2612345910659406,-3.6450265762429295
-0.2515586491589925,-3.665732911123068
-0.241837378695148,-3.6865298152614794
-0.23420609548892377,-3.702855484467153
-0.22467113348497403,-3.7233203641937584
-0.21504261900974336,-3.7441045957717165
-0.20547154008619242,-3.764803851962661
-0.19596659964299232,-3.785310595238542
-0.186530619351701,-3.8056261149870023
-0.17893560307255008,-3.8219686878868964
-0.16936594510591718,-3.842584917287019
-0.15973294344423478,-3.8634228487235855
-0.15028134867305765,-3.8842046929532357
-0.141191328231508,-3.90484323844556
-0.1323417412205759,-3.9259979950537596
-0.12569792416909983,-3.9427222962190696
-0.11786547662167363,-3.96378885890304
-0.11062872981947809,-3.984773262046025
-0.10401423093337604,-4.005723124203636
-0.09793099499377833,-4.026833367727911
-0.09238654803366927,-4.04806533909473
-0.08827255016275899,-4.065298215053975
-0.08359513707874751,-4.087074590713887
-0.07931932774240588,-4.109268724786112
-0.07543489329987446,-4.131688839109228
-0.07187689399882423,-4.153753098328312
-0.06909811492064796,-4.171507539268146
-0.06560725789031224,-4.193966860959866
-0.062007359623738836,-4.2166139877865305
-0.058277650660154195,-4.239009186565103
-0.05427763540274308,-4.261306156437914
-0.04989070910339583,-4.283581745268815
-0.046091899613405506,-4.301430789036453
-0.040937695750897986,-4.32369731843259
-0.03542687421418646,-4.3454606913762825
-0.029581802541731372,-4.366506934283515
-0.02327335108770611,-4.386968901904588
-0.016449210678079557,-4.407024166094187
-0.010560634989007745,-4.423007571369893
-0.0026148325821990434,-4.442836465210241
0.00580424938346437,-4.462248795350177
0.014841701902906582,-4.48143679065193
0.024379246259899373,-4.500211043273676
0.03452214397243757,-4.518809561090158
0.043063456855120134,-4.5336054898336435
0.0543907838849577,-4.552133386857423
0.06629781264170305,-4.570596262254309
0.07881353844851532,-4.588989698163692
0.09179335072349497,-4.607183181224417
0.10537126166614938,-4.625378899306048
0.11651286994210687,-4.639799717936229
0.13068498874292503,-4.657471779664615
0.1451605806907474,-4.674863298011206
0.15995569271064258,-4.691916744096948
0.1751031205982697,-4.708726258496208
0.1906474405366102,-4.725343190365762
0.2033212103405623,-4.738473080446865
0.21910788013372123,-4.75418516633948
0.2349422178979236,-4.769231221648536
0.2510742380577131,-4.783769072936865
0.26753460997707573,-4.797856318954573
0.2842737336891898,-4.811410821867685
0.29777499368879684,-4.821796403553354
0.3149282558512546,-4.8342280971984755
0.33248107715839265,-4.846179472657491
0.3503839700452477,-4.857552260128202
0.36858307602659385,-4.868345910537725
0.3834229586278025,-4.876656235513127
0.40234347432240625,-4.886572596532153
0.42145961368720186,-4.895877321541998
0.4406324186402702,-4.904524881616873
0.4597242402834152,-4.9123347831672115
0.4788223448990082,-4.919359289282666
0.49423576628092575,-4.92450233396403
0.5139125708443871,-4.93034602359079
0.5337804842816515,-4.935502868644571
0.5537824975786084,-4.939999252024184
0.5738844919697803,-4.943757630979701
0.5942749899440318,-4.946876094402085
0.6109236957322944,-4.9489751986793005
0.632007522886135,-4.951038119640991
0.6532425663919146,-4.952506944607415
0.674409226444239,-4.953380652117613
0.6955925729798879,-4.953596098594958
0.7167220427954379,-4.953166465349551
0.733434083856151,-4.952394390423103
0.7543309649058474,-4.950812302013189
0.7754510396061726,-4.948603038719936
0.7965180704419949,-4.945742056606018
0.8176694720411357,-4.942250430411349
0.8389941643577642,-4.938145756655748
0.8563187899445767,-4.934436866845336
0.878146490233008,-4.929295572253078
0.9001802469104905,-4.923717309627073
0.9222362295566318,-4.917822474442646
0.9442959232167889,-4.911653339647683
0.9658430273942814,-4.905348853142432
0.9830422137418348,-4.900140419388705
1.0046824790224402,-4.893357768274711
1.0264706718935803,-4.886289176059042
1.048081690643211,-4.879007336618886
1.0694644741810988,-4.871605266720696
1.090753114976225,-4.864163600959426
1.1079814799953072,-4.858146158793871
1.1296798014048477,-4.850572525846033
1.151088068780577,-4.843089562355067
1.1722729604643358,-4.835657952077177
1.1933810481519194,-4.8282368041584744
1.2106861999402532,-4.822132438658465
1.232212033736145,-4.814525974557917
1.2535961696888738,-4.806974325563836
1.2748898395658217,-4.79947055859447
1.2962375887180613,-4.791967971686664
1.317923610973438,-4.784359193578097
1.3351670663047142,-4.778308255207758
1.3564422526900124,-4.770828210497632
1.3774010822144143,-4.763440415647469
1.3987596904809119,-4.75589249139984
1.420372874090033,-4.748229390191694
1.441818885514773,-4.740624979147774
1.4588078731210496,-4.734613469437551
1.4801207489480803,-4.727088063335472
1.5016073928238007,-4.719522675423143
1.5232425352118957,-4.711921789406446
1.544564439932557,-4.70442200489659
1.5657126801425199,-4.696962475919647
1.5825846558361694,-4.690999664502694
1.6040838091282412,-4.683393669338966
1.6257472145594294,-4.675720734361318
1.6470776932482913,-4.668169184961988
1.6682947140527045,-4.660676387261406
1.689686600903337,-4.653146722828013
1.706949553687936,-4.647074920856469
1.728509407508783,-4.639488824637649
1.7497355561393728,-4.632021922759316
1.7708912963173515,-4.624583690341462
1.792241172047618,-4.617087155166376
1.813877081184799,-4.609488451744117
1.8310494606188947,-4.603464289978686
1.8522668484505984,-4.59604890190629
1.8736154532088292,-4.588625466505536
1.8952150917826178,-4.58115340272669
1.9169670349087844,-4.573657134872808
1.938289599866158,-4.566313234759093
1.9552057779242156,-4.5604770032684625
1.976379769058026,-4.55316809147255
1.9979345482383524,-4.545721196109668
2.0196115393976126,-4.538240494625236
2.0410817761853406,-4.53085901804272
2.0623000988282225,-4.52360123836242
2.0795747641704825,-4.517718036414354
2.1013600170321802,-4.5103191276072305
2.1228113844658445,-4.503039007085981
2.144042549193284,-4.495818877460485
2.165290975903863,-4.488570923430465
2.1868215539920732,-4.481209355279653
2.204111550731907,-4.475292715945148
2.225710587067957,-4.467896675146891
2.247006349249733,-4.460552703097218
2.2683507902939573,-4.453040849323079
2.289958872153124,-4.445139879689159
2.3112394599203654,-4.436942862526275
2.32789432756701,-4.430194022046013
2.3481847450345095,-4.4214462383618205
2.36788600947193,-4.412371022602282
2.387379087257108,-4.4027424983240735
2.406170802954865,-4.392798723266694
2.4210045623725396,-4.384477489376224
2.439206841563973,-4.373590240011936
2.4569882870369018,-4.362215265459567
2.4744722387940996,-4.350297620035187
2.491640794052296,-4.337800787399032
2.5084589531885824,-4.324794798286132
2.5217684260492566,-4.31396291947173
2.537941408020394,-4.300046144792491
2.5539336967714106,-4.285504826012848
2.5696866039640747,-4.2704467072044086
2.5849077396849967,-4.255100003483541
2.5999470362084236,-4.239154886512098
2.6117442389087495,-4.226106730064405
2.6261940429686788,-4.209357088473703
2.6404614558911454,-4.19205623481866
2.654610300438358,-4.174203630711857
2.6684797128289497,-4.156196877775641
2.682200952844829,-4.1380769073973
2.693181060133863,-4.123437468579436
2.706732366149689,-4.105253116177827
2.7201186082740345,-4.087229881657631
2.733571425468174,-4.06903546976998
2.7469134907142045,-4.050759734246488
2.760207427289287,-4.032075054784624
2.7705592125544367,-4.01704647261657
2.7830562397010516,-3.998122443523879
2.7949167588180246,-3.9792996982514546
2.8062606001254644,-3.9602791019705403
2.816914246847126,-3.9413558303058087
2.8268460717967554,-3.9224720450773463
2.8342985269569607,-3.907352554866285
2.8430425085287765,-3.8881959174602456
2.8512062660414053,-3.868784651470459
2.85881664089928,-3.8489601560897406
2.865851974361532,-3.828870689889371
2.872248490312042,-3.808701521073624
2.8769639348380895,-3.792412642980461
2.8822527742074673,-3.772003544831028
2.8870071178662786,-3.7512294036674985
2.8910984505954747,-3.730469520246111
2.8946090241508577,-3.7094752303378797
2.8975077510205103,-3.688413350516293
2.8993842672769015,-3.6716107685997788
2.9011091966988474,-3.650674412984399
2.9022106776911456,-3.629822541321901
2.9026594740650884,-3.608744088489742
2.9025193205672104,-3.587154987637882
2.9020219753926177,-3.5694701435936405
2.9009027892063535,-3.5473519225267918
2.899270138183945,-3.5247326566609023
2.8972729410519062,-3.5022949358581803
2.8950227605827665,-3.479753953259534
2.892630203001017,-3.4570748907861306
2.890166215363682,-3.434327090089799
2.888187275961781,-3.416262086792808
2.8857471954465987,-3.3941991368061526
2.883267247417919,-3.3718095511104087
2.88073365496385,-3.348967529024693
2.8781843295789256,-3.326152726451989
2.876182603477025,-3.308293972279471
2.8736736672596472,-3.2857802763909962
2.8712016629769392,-3.2632624961451753
2.868738206659941,-3.2405910137118106
2.866264007304011,-3.2179970874612174
2.863790220009056,-3.1956577510900357
2.8618138587589863,-3.177872569571158
2.859298992484247,-3.155257664456728
2.85674510740529,-3.132392434152608
2.854217563622915,-3.1099062884063664
2.851707008582852,-3.0874691772510543
2.849215892603123,-3.0649025734211097
2.847233426522841,-3.046736108949682
2.8447548356777688,-3.0240153534793524
2.8422791352209504,-3.0014979779718924
2.8398194454345385,-2.9792844067084436
2.8373483514051423,-2.956944771497181
2.8348264888373444,-2.934203312018655
2.83280643500036,-2.9160155220931716
2.830299599455243,-2.8934506574951118
2.8278301007957256,-2.8709835281425353
2.825384312040059,-2.848284676840206
2.822957465705252,-2.825634701124748
2.8205391463185365,-2.8031620034005837
2.818579551193512,-2.7850948912781592
2.8161735707227185,-2.762977275913881
2.8137187328524007,-2.740355776014885
2.811235167156193,-2.717533720353218
2.8087691963241355,-2.6948879708449933
2.806827534787793,-2.6769716692084513
2.8044318510755004,-2.6544710977163075
2.80205471458035,-2.631790401478251
2.799666342106143,-2.609059985849982
2.797280619172164,-2.58666016524073
2.7948896890121464,-2.564362719136895
2.792964072400517,-2.546393772539791
2.7905182664309964,-2.5236440077892595
2.7880524981988137,-2.500794564663113
2.7856362625106144,-2.478423471451369
2.783244727596086,-2.4559988171820457
2.780871651255844,-2.433343146192816
2.7789695499518596,-2.415168091473613
2.776585073508623,-2.3925136164488356
2.7742117818136522,-2.370188832844269
2.7718340248971685,-2.3478390704306444
2.769443243375082,-2.325337972776997
2.7669987618551057,-2.3024862427081914
2.765049897936459,-2.2842652317029373
2.7626760588264014,-2.261991414245281
2.7603026333842022,-2.2393866800446034
2.757953591422195,-2.216652165733094
2.7555988166778196,-2.1939436910276098
2.753262829297981,-2.171614973637573
2.7513774063405223,-2.1536672149506746
2.7490327444996563,-2.1313394060738546
2.746640127095335,-2.1085839859343527
2.744308070140779,-2.0856950847230857
2.742197259511109,-2.0631914806318137
2.740317447158516,-2.040591230732889
2.73898067810875,-2.02236594777581
2.7375275491039877,-1.9995059652444622
2.7362591649338497,-1.9768884639387128
2.7351871281203968,-1.9544382009227546
2.734317049773724,-1.9319032338341124
2.7337699235673956,-1.9136624895894192
2.7332786571182606,-1.8907110030150711
2.7329815292191473,-1.8679080659138672
2.7328955015088523,-1.8451286569277796
2.7330802433019095,-1.8223751931398704
2.7335056315247095,-1.7996755596930525
2.7339874079241637,-1.781635526020079
2.7348634675314507,-1.7590249298307072
2.7361622958167993,-1.7363840769686083
2.737945920696373,-1.7134714859137146
2.7401787791853085,-1.6909798656508948
2.7428934531568,-1.6682609063904765
2.7453393288184036,-1.6503044471493786
2.7488009805693823,-1.627533467008174
2.7524410751041932,-1.6052517496981311
2.7562668754417645,-1.5831552880360626
2.7602410669315613,-1.560904986923376
2.7642805784444526,-1.538434958809176
2.767512713983101,-1.5204744611803582
2.771525594459501,-1.4981796610640918
2.7755281564752834,-1.4759344386057538
2.779600428424025,-1.4533931599508285
2.783700714836132,-1.4308055091245224
2.7877304898297073,-1.4084623194333377
2.7908894731956067,-1.390900133663753
2.794838729665601,-1.3689282088675558
2.7988422419101617,-1.3465545831312848
2.8028498716117363,-1.3240274291957415
2.806766665360652,-1.3015613971874265
2.8097435968887847,-1.283787824216884
2.8132903008261554,-1.2613117033948977
2.8166468375299303,-1.2385505112698647
2.8197775707924913,-1.2159104360158504
2.8226603206007947,-1.1934926397691026
2.825299396726854,-1.171172309103435
2.8272307788005486,-1.1533313414612474
2.829456015231511,-1.1306098744950928
2.831465310907127,-1.1078936922816047
2.8332728702548597,-1.0851859446335657
2.8348224374377518,-1.0625352860659745
2.8361387771560307,-1.0396923939879672
2.8370479542713993,-1.021440748715829
2.8380198433518653,-0.9986312306690793
2.8388626726656825,-0.9760191887053346
2.8396240049694654,-0.9535815269929426
2.8403526356247215,-0.9309908319183288
2.8410910715015594,-0.9082991587557371
2.8417017659131933,-0.8901363523804082
2.8425445074790536,-0.8673470209921614
2.843534890470378,-0.8445383029817752
2.844740297514365,-0.8217399736497701
2.846230621915673,-0.7989585819197312
2.848085703043626,-0.776356414967994
2.849839648671787,-0.7584972936325179
2.852493432774467,-0.73628095367982
2.855645340684069,-0.7142575442156954
2.85934986070517,-0.6925258516278849
2.8636136009876405,-0.6708969442460703
2.8684263008503086,-0.6494613608185595
2.872703075100543,-0.6322421247464487
2.8785948696247368,-0.6108150754768616
2.885037743214003,-0.5895206309030704
2.8920117988324794,-0.5685810026795569
2.8995170470449363,-0.5479066400690628
2.90584250199034,-0.5316284329421991
2.9143441885470254,-0.5112611183222059
2.923377648941276,-0.4910685145641703
2.9328908726323943,-0.4710973095530842
2.9429491514223955,-0.45136678465897606
2.9534814690206384,-0.4320003672653994
2.9622306940485625,-0.4167399947265752
2.9736811019507456,-0.3978425552830683
2.9856639313877804,-0.3791276957485891
2.998033045532528,-0.36078769275181427
3.0107864599334717,-0.34293034679347595
3.0240159557336304,-0.3254227804405443
3.034983634639981,-0.31157308685767615
3.0492133673220287,-0.2945042029383635
3.063756683282699,-0.27790283089194945
3.0787187292272784,-0.2617125018432893
3.094089836260122,-0.24591002231654865
3.1098484488665763,-0.23053015458864498
3.1227597832796037,-0.2184718600335721
3.139265519193255,-0.2037822107609646
3.156183204813654,-0.18945100854554814
3.1735050222128227,-0.17557073228056494
3.1910336515965545,-0.1622852101424973
3.208831474706574,-0.14953558763147293
3.2233553327935303,-0.13961159744663754
3.2418901371368505,-0.12758302541579292
3.26083686042737,-0.11592164473767937
3.2799784700795436,-0.10483377008451747
3.2992723348854303,-0.09432695543340555
3.3189516222567588,-0.08427966240872133
3.3347693235881373,-0.07664168678060011
3.354915416283805,-0.06750497707268292
3.375321771841549,-0.05883473948566122
3.3958090716489284,-0.05076348794603828
3.416475454530623,-0.0432362129062497
3.433207406270616,-0.03756646138129697
3.454156872369004,-0.031035271292665367
3.4754859037605943,-0.024980647841458044
3.4969540355206155,-0.019438809990090365
3.5184127909944904,-0.01449953849042208
3.5399162117980207,-0.010124765210792898
3.55730082873459,-0.006981457323519636
3.579056828308843,-0.003582590376489411
3.6010652079200445,-0.0006946464370645796
3.623037137912932,0.0016430831851971055
3.6450407789736556,0.003358775514683024
3.6671081929509857,0.004476939876950126
3.6846921717335785,0.004957238922617323
3.7066360368824807,0.005011542195723975
3.7287774887585585,0.004534242444524407
3.7508480449826433,0.0034786793728526183
3.7728839443499265,0.0018529420171669955
3.79507342634148,-0.00034744542708444685
3.813119427207077,-0.002490505972799632
3.8359381650745767,-0.005621753276078842
3.8583431830135058,-0.008964649335537858
3.880467432911629,-0.012467957988307798
3.902729781629117,-0.016224477106461032
3.9250515529642658,-0.02022996240636945
3.942987083025385,-0.023597653602513948
3.965366725743843,-0.02798106636412962
3.9877818606044695,-0.03257381501923671
4.0100749689006765,-0.03737797656830487
4.032296452185221,-0.04227328920627272
4.0544452374848206,-0.04714565674301767
4.07197662912497,-0.05097752945978043
4.0940576906211845,-0.05580423650045057
4.116180499333645,-0.060676871290221784
4.13827058762268,-0.06558025907555347
4.160485938811355,-0.07050332858842004
4.178328867131418,-0.07445053887539008
4.200536016797589,-0.07941046490885346
4.22275875525354,-0.08441654759276856
4.245009816153484,-0.08941204551989682
4.267019774922465,-0.09432594054437622
4.2888637945819275,-0.09928534142737071
4.30672376497036,-0.1034983380603765
4.328790608252345,-0.10904839286963172
4.350703177190125,-0.11498855663469883
4.3723507811488505,-0.12130970429427786
4.393646353058079,-0.12809002214863713
4.414297004695561,-0.13528422991939923
4.43035422887128,-0.14133692965781372
4.449850709734498,-0.1493610272925691
4.468807043307267,-0.15787269069843565
4.4871189214222555,-0.1669199960442292
4.504786610176895,-0.1764956330593724
4.521862541635425,-0.18665179084034741
4.535058009783631,-0.19514352316624214
4.550904918177839,-0.20631144374159704
4.565980281612731,-0.21797104046133192
4.58019076368532,-0.2301313886196481
4.593599150751798,-0.24280501447318883
4.6062835287416855,-0.2560635051992094
4.615970833219615,-0.26709213957213385
4.627447353862413,-0.2814738160520639
4.638407809858426,-0.29659842857057506
4.648826655568991,-0.3125559977233563
4.6585673902900195,-0.32911271684581134
4.665766120063602,-0.34254082314661277
4.674047598112416,-0.3597613463146787
4.681515416631635,-0.37729502320338376
4.688259219950535,-0.3952554152763748
4.69416081354917,-0.4135360255699166
4.6990798532688025,-0.4316857413437308
4.702300863550655,-0.4459810582600536
4.705527307416751,-0.46430115936310534
4.707941121384441,-0.483205433054424
4.709565609380615,-0.5025245394404453
4.710382781887832,-0.5222997183127993
4.710468611832116,-0.5426485461106589
4.7100547008116544,-0.5593226058540022
4.708900913504999,-0.5804249240963915
4.707119932529073,-0.6019156361456736
4.704677365199275,-0.623825050089103
4.701655773164144,-0.6459943764271646
4.698189525712078,-0.6682524328510282
4.69521093992785,-0.6861027011314863
4.691237467656578,-0.7087386736150303
4.687192331617526,-0.7311048088414883
4.681594753072584,-0.7622954473946257
4.679293701977366,-0.7755883530116566
4.676249893099197,-0.7937613524663627
4.672645150001652,-0.8164076870897219
4.6692626187680135,-0.8388579250718331
4.666106824955817,-0.8612133682716754
4.663208863479873,-0.8835526128767103
4.660496698547292,-0.9062211246540659
4.658458088815684,-0.9243558687022418
4.656092954264379,-0.9469105268934538
4.653927000967541,-0.9695105972626537
4.651964127367719,-0.9922816594143259
4.650197518996428,-1.0151703385923772
4.648614505176309,-1.0379202158037621
4.647480230728156,-1.0560831662327654
4.6462942939235194,-1.078705078721602
4.64531455626753,-1.102147574964973
4.644538840588419,-1.1257496608270086
4.6439393938553994,-1.1494581501650833
4.643599080540504,-1.1684633741696957
4.643428029393022,-1.1923306156773936
4.643583362345476,-1.2158688815026535
4.644076114070168,-1.239326598856845
4.644944641052014,-1.2626467268788566
4.646183372246206,-1.2859247418169093
4.647437619144499,-1.3043587353490762
4.649397221642237,-1.3273839444506474
4.6517310966697565,-1.3503488793151486
4.6544972857930675,-1.3735970907412445
4.657620281807027,-1.396749018623515
4.662559038332262,-1.429612667341579
4.664036712879782,-1.4388859379594574
4.66794942289905,-1.4626105830298821
4.671957113303358,-1.4863707318991985
4.67589342120998,-1.5097578959726423
4.679766897893985,-1.5328476327401073
4.682892641834008,-1.551417553096076
4.68687638195028,-1.575002064385835
4.690845572850835,-1.598537693945322
4.694779677405907,-1.6219508949093124
4.69869269617663,-1.645316305280319
4.70264258180732,-1.6689321727345976
4.705827275006642,-1.688005488680279
4.709729635262355,-1.7114496617656367
4.713567996741967,-1.7345196036974195
4.717444082063945,-1.7577115547939135
4.721414589349706,-1.7812726293066428
4.7254011947363805,-1.8048823256937407
4.728552619462442,-1.8235505882954806
4.732485947900547,-1.8469382545201316
4.736456968420978,-1.8705762429939197
4.740370107564413,-1.8943008223095674
4.744053615520643,-1.9178059297417773
4.746786069095976,-1.9362842039779231
4.749925340764159,-1.9595616158512965
4.752696365662357,-1.982885722464954
4.755098890656067,-2.0062252697741045
4.757116156275636,-2.029677440894979
4.758806116921223,-2.053333142685818
4.759980739413556,-2.072558644192408
4.761203846906529,-2.0965472575142035
4.762206823066754,-2.1202167890344623
4.762976174415654,-2.143667107989668
4.763494185191041,-2.1673521546223826
4.7637581054562945,-2.191142662706627
4.763817368701671,-2.21037864625019
4.763678200214749,-2.2341702064864726
4.763289551714865,-2.257908383216038
4.762603171736493,-2.2818676837940486
4.76168607293742,-2.3057179816337157
4.760125644980553,-2.338736714931635
4.759601643661286,-2.3481883974577786
4.758118421676795,-2.3717819374032336
4.7563585912213515,-2.3955087347386836
4.7543758090868575,-2.4192687593460085
4.752165494010507,-2.4431612020880245
4.750252826846329,-2.462251089547794
4.747745970512961,-2.486037954368626
4.745261339376559,-2.50954720259765
4.742830400539961,-2.5328839347274834
4.7394088510440096,-2.5661438213021195
4.738428697297365,-2.5755845845706657
4.73600548528975,-2.5991256791010944
4.733705856758707,-2.6227554139207077
4.731605770346754,-2.6465053717203864
4.729690614988085,-2.6704740938471176
4.727982689523464,-2.6940778341603226
4.726754069159235,-2.7130970645207824
4.725524332471849,-2.7366797345597864
4.72465137491869,-2.7599997400970593
4.724087808176313,-2.7926956748461524
4.7240703416529355,-2.8067430949186214
4.724342853218185,-2.8300018224791943
4.724824482697373,-2.8484975102882717
4.725772342569073,-2.872017241018283
4.7269909242292085,-2.8959047424385838
4.72840556787296,-2.9198828604298717
4.729903983419786,-2.943551584959045
4.731119190101926,-2.962368848068404
4.732628345471468,-2.9857071786756615
4.73415174572555,-3.009475764922672
4.735658906802379,-3.0333975475599524
4.736999549880377,-3.05720243955015
4.738092452157595,-3.0809439505263114
4.738785592262139,-3.099939551361121
4.7394101634321935,-3.12397652495473
4.739826833199124,-3.147764888622963
4.740022692012231,-3.1712017051281998
4.739980581918929,-3.1948164530262795
4.739668331605691,-3.218505110521116
4.739257916310715,-3.2376608599383814
4.738543736151177,-3.2615434032216335
4.7376052757850875,-3.2853168847323464
4.736373065789237,-3.309228961266519
4.734878973837268,-3.3331261368240535
4.733586154809971,-3.3517352326812984
4.731764774591547,-3.375432010440194
4.729712223925335,-3.399033640698327
4.72739430540522,-3.422712454541669
4.724823219167559,-3.4463650980376555
4.720847076794434,-3.4797415215411975
4.719639130641912,-3.489028244787745
4.7163660988565885,-3.5127217562304867
4.712859038597482,-3.5361002642872488
4.709050877442196,-3.559149396710841
4.7048416450747546,-3.58233446171454
4.700277996331051,-3.605220121154851
4.696308286106806,-3.623783277295388
4.691017171990316,-3.646953456000577
4.685539367160372,-3.669950207771039
4.677568457189924,-3.7026821641176606
4.674191040555057,-3.716604196713005
4.6698519660685385,-3.7347464766338603
4.6645569106376925,-3.7576820566862446
4.659440571271765,-3.78089147937185
4.654535169412335,-3.804353289913951
4.650045690332761,-3.8275888673573317
4.646014496665976,-3.850420113011066
4.643027196704064,-3.8688075432273346
4.639623792472785,-3.8919454940361073
4.636574234444809,-3.91508166449087
4.633890131739673,-3.938263102302272
4.631663405794079,-3.961136867142164
4.629825546994264,-3.9841213321617674
4.628617616588633,-4.002533105052259
4.627431246095379,-4.026067278343477
4.626620973145801,-4.049186941103372
4.626201150337111,-4.072367531415737
4.626154243900977,-4.095526589842453
4.626465293000514,-4.118810184304973
4.626957300662557,-4.1376094517915325
4.627907598253986,-4.160875706382389
4.629226428042062,-4.184047959237267
4.630945121243836,-4.206863983008714
4.633057383179446,-4.2299011356833045
4.635547289587058,-4.2529514570513
4.637800125929183,-4.271468751987934
4.6409666871319075,-4.2944869467714755
4.644502851890052,-4.317118344802391
4.648442989319793,-4.339271601314642
4.652868308336348,-4.361539539167973
4.656708186570341,-4.37925027026262
4.661920573583722,-4.4011651018201245
4.667520068950403,-4.422592061785816
4.673604964977222,-4.444017964922692
4.680187526792306,-4.465375623329479
4.6872787871320085,-4.486783215785656
4.693260153012194,-4.503809411173579
4.701154323876954,-4.5249070656738635
4.709510691087736,-4.545825983222493
4.721926200468562,-4.574842963439012
4.727543685576563,-4.587247422924136
4.7371163628685915,-4.607498588815392
4.745128742601858,-4.623668557288583
4.755466638095124,-4.643454272727521
4.766213037786456,-4.66293455468641
4.777515268978225,-4.682332327371429
4.789308041630785,-4.701584413846172
4.801504204546811,-4.720583537905568
4.811586219684682,-4.735672771865212
4.83224309051865,-4.764897188529353
4.837579634038123,-4.77215751179558
4.851288880111868,-4.790190989080286
4.865352710144771,-4.807981625801681
4.879906091274253,-4.825735617861617
4.891722258518072,-4.839741886048473
4.906846346463326,-4.85707950958886
4.922392634237465,-4.874313330106869
4.938298312616917,-4.891424027467811
4.954315666737114,-4.908080722452769
4.976936347836487,-4.9305954917391865
4.983444846475037,-4.936826898974896
4.999776949753374,-4.951971241091658
5.016292460260911,-4.9666120093469575
5.032992759767612,-4.980651174606671
5.050116126135534,-4.994293234667339
5.063634910538961,-5.004572728148295
5.08106400117428,-5.017141521595656
5.098880278166954,-5.0292905166928366
5.117226426680662,-5.041145003594375
5.135758857261145,-5.052416177614061
5.154172341724331,-5.06289104337035
5.16913607292056,-5.070868990843964
5.187806690106039,-5.080104742134672
5.20694413405086,-5.088829857387477
5.226373338529498,-5.097016309855642
5.246073651476947,-5.104597046995017
5.2656870139678835,-5.111460199324963
5.281474871882893,-5.116517174240768
5.301375039378102,-5.122228327082722
5.321301132099279,-5.127260960136558
5.3411991727468076,-5.1315212198195574
5.361138033724707,-5.135044547553349
5.381140285433499,-5.137843742286688
5.3972679386197475,-5.139604552853768
5.417283363875058,-5.141091259971471
5.437541306671741,-5.141881328029268
5.457738429716483,-5.141897512927718
5.477948401590902,-5.14118707969376
5.498221051602975,-5.139747247818407
5.526462485181416,-5.136559361824657
5.534526685189128,-5.135379596305009
5.554689030640132,-5.131958063452726
5.574969500670328,-5.127794330716058
5.595104456080914,-5.122975829571844
5.615292974602274,-5.117449314708118
5.631376861625998,-5.112576662940169
5.651316219854776,-5.105884114110992
5.670970925366917,-5.098612101591876
5.690445653820419,-5.090668376747813
5.709667166697543,-5.082129952637184
5.728962940429836,-5.07290605796815
5.7445057164881135,-5.065054396419963
5.763803060958354,-5.054713712016311
5.782838065806571,-5.043897438553824
5.801350683555967,-5.0326911603184445
5.81947123305118,-5.021047707050742
5.833733204951038,-5.01141384786442
5.851325504594311,-4.998898952771656
5.868658522618305,-4.9859004009819765
5.885949223318009,-4.972306243716163
5.903213923325062,-4.958074541085162
5.920182612163396,-4.943491131744198
5.9336240430792175,-4.93152569057128
5.9503267432877145,-4.916073638619744
5.966463290777324,-4.90053794100147
5.982356070192688,-4.884609519941705
5.997697127181721,-4.868497018983427
6.012641853048334,-4.852050360732105
6.0244227439285245,-4.838581168260469
6.038907053254513,-4.8212960350364975
6.053085268030917,-4.803661295833133
6.066807469793903,-4.78576517551684
6.080146738452182,-4.767581787507388
6.093360605254751,-4.7488404703151215
6.103909309619562,-4.733455692481259
6.117002746425328,-4.713833669350926
6.130041942868717,-4.693781839593982
6.142596567701301,-4.674080269737749
6.15511767776806,-4.654267463677514
6.167879683967361,-4.634097898239194
6.178292408716568,-4.6178035052584026
6.191216191454288,-4.597978606788532
6.204374359377728,-4.578369443010011
6.217781403300131,-4.5591453547618945
6.231492903896949,-4.540262219627215
6.245446409082791,-4.521842279710935
6.25656270657965,-4.507755053211303
6.270999348573681,-4.490265742589754
6.285734854615607,-4.473194155725681
6.307145045117707,-4.449696086141229
6.316564808555905,-4.439792752817289
6.329263905047482,-4.426828818573007
6.345484494719618,-4.410980011351465
6.362159114618244,-4.39538626753979
6.379349017363802,-4.379866810542322
6.39715147937277,-4.364312904935758
6.415333394734055,-4.34881118456297
6.429881232247152,-4.336616385692372
6.44815074012889,-4.3215738500144365
6.466672701883482,-4.306600520326699
6.485547126727978,-4.291621855907985
6.504463113061987,-4.276900911410788
6.523004345407037,-4.26273015879436
6.538067154102589,-4.25138659667923
6.556964323366438,-4.23739427425635
6.576344390346472,-4.223289841323758
6.595784913239477,-4.209399098957107
6.615143934104548,-4.195831358934105
6.6347418123871975,-4.182386026539335
6.650797345656166,-4.171563300780645
6.6706241117229474,-4.158366122692063
6.690129982091506,-4.145417734044205
6.709632537095033,-4.132464352347124
6.729398904463142,-4.119222336666836
6.749147865682375,-4.1057288556202485
6.764829396569889,-4.094808110147285
6.7841391398897555,-4.081082774146453
6.803378008252789,-4.067128524289805
6.822625036431712,-4.052843163573628
6.84890909750825,-4.032673383615973
6.859826990619887,-4.023996069808093
6.874000574662292,-4.012461168139647
6.891777174443509,-3.997538554665246
6.909278676163834,-3.982409968294046
6.926732535072288,-3.966843679555012
6.943820552455803,-3.9510999046141473
6.957200490119077,-3.9384312135817656
6.973752958823274,-3.9222698951477097
6.990363002859426,-3.905555424476297
7.006602738200973,-3.8887262678280896
7.0223209856933835,-3.871856173858966
7.037698619902285,-3.854743061126063
7.0497730956482245,-3.840891646820812
7.0648517840970815,-3.823014847550387
7.079563509546233,-3.8049979457546703
7.094047925563631,-3.786668540812589
7.107883297665938,-3.7684448006422344
7.121195391612254,-3.750147559397865
7.131478748320632,-3.7354720655189912
7.151453003783165,-3.7053812828342747
7.1562734987197185,-3.697768542248126
7.167789040456213,-3.6789402077486373
7.178654029803528,-3.660020718874169
7.188790665446505,-3.64115976989541
7.196501041019683,-3.625914426067579
7.205485929412507,-3.6067577064618814
7.2137913405817615,-3.5874895652390903
7.221488594857543,-3.568024672128354
7.228569221090958,-3.5482198345380556
7.237358073500791,-3.520419783183733
7.239687256208145,-3.5122405675918964
7.245028547799105,-3.49181899230201
7.249845659149477,-3.4710332875573373
7.25413800744822,-3.4498230909580303
7.257837941187309,-3.428707076284703
7.260989115560169,-3.4074254472723595
7.263191170364831,-3.390100749077628
7.265560538934188,-3.367826722012361
7.267558450154003,-3.345007999415337
7.269708796820886,-3.3126062563356435
7.270429856908843,-3.2984759683285567
7.2713924459142705,-3.274906151803157
7.272022456596572,-3.2558829762500205
7.2726431594368,-3.2320990641473837
7.273124136444472,-3.208413153860721
7.273524928519737,-3.1847257461692955
7.273940019786766,-3.1610892148760836
7.274364126503174,-3.142237564793103
7.275102341196679,-3.1183810605559206
7.276702310175576,-3.080195688926175
7.277172601845359,-3.0707665238272766
7.278580884146774,-3.0468388099643446
7.280240666764046,-3.0231555543106183
7.28169015677008,-3.0044564628548036
7.283679892477665,-2.9808748032048245
7.2858657682763175,-2.9572596990354194
7.288266572023597,-2.9336145778670355
7.290877098179243,-2.9100426258718053
7.293718586324295,-2.8864209350352015
7.298086862280851,-2.8531703076441524
7.299433008078983,-2.8436469161586215
7.302902979068063,-2.8202628527921028
7.3065212576746665,-2.797208634055819
7.310358653377955,-2.7739076752279184
7.314453507176926,-2.750290886902902
7.317814558582145,-2.731684974957699
7.322219304475704,-2.7083300422436545
7.326821362358764,-2.685064759845358
7.331715097818375,-2.6614970726298
7.338884907859427,-2.6287878376909886
7.342023850629571,-2.6150696346408235
7.346261843467294,-2.5970074686574893
7.351823472350712,-2.574109000768785
7.3576562270262515,-2.5508864181386137
7.363669253457409,-2.5277883361788294
7.369825016806547,-2.504963742261326
7.376234300611862,-2.4820776075468918
7.381571602232563,-2.463623162855043
7.388406387334627,-2.440649100247316
7.398067640657278,-2.409248679113266
7.402305277089434,-2.395908772243648
7.409672563025951,-2.373339440243917
7.417295655940441,-2.3507216115882175
7.423549590937176,-2.332584074422237
7.431438378025054,-2.310299061964061
7.43965792779109,-2.2878911247280125
7.4481247560319765,-2.265602509858248
7.456726900384629,-2.2435014823515282
7.463752308764744,-2.225784664175121
7.478032518573933,-2.1908802963440244
7.481706182771828,-2.1821560157823643
7.491092890426048,-2.1602388783428146
7.500614541159854,-2.138518148759049
7.510379219159941,-2.116739059886425
7.518381177844382,-2.099302051087506
7.528471204223231,-2.0778674362598863
7.538663789385649,-2.056649717594019
7.549033046633627,-2.0354050595887654
7.559679185008314,-2.0140429988075867
7.574807621963822,-1.984510231969615
7.579150086471083,-1.9762129212867212
7.590269610944267,-1.9552938537378663
7.601663802996868,-1.9342636242727838
7.613187100266342,-1.9132172242567613
7.624504223340428,-1.8924908092454464
7.635648295052279,-1.8716996260307899
7.6443936694892,-1.8549938852489662
7.655240109756386,-1.8337896755961418
7.665882474648435,-1.8125388975961447
7.6804584019673126,-1.7826452071531396
7.686371322844449,-1.7700984397716533
7.696024678746328,-1.7489636210478456
7.703495599389151,-1.732037088398732
7.7123784767566,-1.7109237170386233
7.720686353036615,-1.69001271073509
7.7284418004522095,-1.6692413581371797
7.7357559345449625,-1.6482302409821197
7.7426583872200965,-1.6269737830146653
7.7479034755820155,-1.6098388582789405
7.757574367412236,-1.5749884183479497
7.759735536479242,-1.5664756592430467
7.764985079846159,-1.5444654669426463
7.769787172370087,-1.522301578734062
7.774309373248585,-1.499536696064509
7.777692034030331,-1.4811149435263076
7.781521488670419,-1.4582233502312016
7.78489105174747,-1.4355666092113266
7.7878881146733905,-1.4127298358736178
7.790563529465319,-1.3893181389756748
7.7938558629158665,-1.3562488881056605
7.794704316265228,-1.3468207914328696
7.796655954107601,-1.3231344189245486
7.798389103840397,-1.2993040891051844
7.8000455490761205,-1.2754682890595272
7.801739459793657,-1.251787378945618
7.80354512569082,-1.2283686016164168
7.805126415841504,-1.2095024235566045
7.8073843647281995,-1.1859959300123593
7.810001185765309,-1.1626794542463335
7.814365986534944,-1.1307569824641306
7.816520342698806,-1.1172344373775493
7.820464877927541,-1.095133496403248
7.823977346947249,-1.077742313529496
7.82885701247733,-1.056607685358269
7.834270690155263,-1.03602176025227
7.840320707469178,-1.0158517742879205
7.846999624354757,-0.9959612615150379
7.854356659111239,-0.9761223256914602
7.860652557669773,-0.9604312953994487
7.874477466958455,-0.9296306324316419
7.878121399331706,-0.9221148852440307
7.887714473806141,-0.9036254351228513
7.897877062791574,-0.8856169893001907
7.90849482079548,-0.8683171313846237
7.9172102960976485,-0.855116306998631
7.9287137672969745,-0.8390729257782056
7.940801467958671,-0.8235606948311942
7.953488822940942,-0.8086682732139281
7.966777413277805,-0.7943788846425792
7.986421356271393,-0.7753013614986394
7.992189256892002,-0.7701324706935938
8.007161732841853,-0.7575003600773407
8.022655015259538,-0.7454707833142397
8.038659773148035,-0.7341311951209184
8.055212763775842,-0.7234205608098799
8.0721437251244,-0.7134670598845556
8.085801632000559,-0.7061075862164755
8.103419512164466,-0.6975429597193316
8.121427653379172,-0.6897038663451152
8.147360482857028,-0.6800070815769508
8.158328894941102,-0.6764148466786062
8.17754019849407,-0.6707828192203246
8.193272492262942,-0.6667187897470959
8.213267292326606,-0.6623083669943886
8.233135263796154,-0.6586752373964205
8.253649021675827,-0.6556978352474362
8.274552365528594,-0.6533703874993801
8.295620203858304,-0.6517019044041963
8.312503097701523,-0.6507975187165272
8.347372590349975,-0.6501335044060909
8.35610467931351,-0.6501748391238938
8.378117726397724,-0.6507239922696211
8.400517210709365,-0.6517925309488385
8.42339623938852,-0.653339170258416
8.441960770863146,-0.6548813874133577
8.465358868328558,-0.6572076953210235
8.488597351214096,-0.6598392557659939
8.512005902404361,-0.6627554423734346
8.535599150400474,-0.6658246166951234
8.568680677121858,-0.6701220333971984
8.578118118806962,-0.6713486224335359
8.601634566663126,-0.6744195538387016
8.625299181816406,-0.6775286205798812
8.648994011211258,-0.6806017585932188
8.672365206862839,-0.6836119143705659
8.695610913087577,-0.6866056927816349
8.714335916449487,-0.6890337607600882
8.737978986863634,-0.6921123888697354
8.761748667089647,-0.6951987788336619
8.79447535629472,-0.6994769277244259
8.808602086257133,-0.7013465850756636
8.832311001284157,-0.7045067561330037
8.85135275855476,-0.7070497325106008
8.874736823415054,-0.7101566323743052
8.897895806690473,-0.7132280303165127
8.921303820945038,-0.7163468362757396
8.944961793857932,-0.7195060537677241
8.968647088000372,-0.7226518492391821
8.987439972304173,-0.7251462512350024
9.025221508339852,-0.7301988756299758
9.034678567745829,-0.7314701933090866
9.05836057854252,-0.734640609556906
9.081695814856081,-0.7377306384180842
9.100289997448488,-0.740183106128095
9.123625981477959,-0.7432674953400593
9.147261914761991,-0.7464004486642175
9.171075702986395,-0.7495399168224204
9.194540459109188,-0.7526157429216624
9.218053930115037,-0.7557093938143494
9.251201293804991,-0.7600888184578265
9.260737487154191,-0.7613410605682737
9.284154238165522,-0.76439357247905
9.307348931881046,-0.7673871316310971
9.33074482177444,-0.7704036938521585
9.354367543115638,-0.7734423539220927
9.373473691309682,-0.775883218673304
9.396900047523166,-0.7788611225755501
9.420397881913095,-0.7818786965525316
9.444140731780513,-0.7849751177402544
9.47724252528361,-0.7893128385248989
9.49124672800378,-0.7911436002060133
9.509844335484267,-0.7935699589287258
9.533232803415023,-0.7966435350390216
9.55684545863461,-0.7997594542452878
9.580509393508548,-0.8028736994198642
9.603923851662975,-0.805943756194113
9.627434830396735,-0.809056272503742
9.64657496126132,-0.8116274115482419
9.670303191109717,-0.8148339518347091
9.707579983996162,-0.8198418529981799
9.716861806806042,-0.8210868943193134
9.740212603589852,-0.8242513822860238
9.763828145019701,-0.8275344032044144
9.78284188167491,-0.8302787862483905
9.806285098391324,-0.833865755348862
9.829764203139362,-0.8377113231393427
9.853198040936364,-0.8418239842162365
9.876588539305923,-0.8461763659338732
9.899884343456668,-0.8507541387150416
9.931754118855093,-0.8576122601151621
9.940851166229175,-0.8597271278285923
9.96321727380975,-0.8652276191837905
9.985365475830568,-0.871168702794615
10.007210824853262,-0.8775345945326003
10.028808700047593,-0.884366600288925
10.045855664716072,-0.8901322008816026
10.06714821583237,-0.8978634553673486
10.088196800364486,-0.9060289162632986
10.109150213967895,-0.9147035357716923
10.138197353080358,-0.9276190358876947
10.150373721602838,-0.9333679447964973
10.166506761677978,-0.9412834938685449
10.186459050406814,-0.9516302675425526
10.20633577023656,-0.9624961418155802
10.226020712013918,-0.9738581491900057
10.245363804859627,-0.9855988735691805
10.264284617135392,-0.9976825781728562
10.27938913614218,-1.007741625397755
10.297977779231095,-1.0206880196083719
10.323575743946588,-1.0394946947086614
10.33438367401742,-1.047819678856384
10.352008382309807,-1.061929265256378
10.369307042550316,-1.0764760339940125
10.382771275112542,-1.0882625766521759
10.399379311579388,-1.1034435545193015
10.415797876145554,-1.1190874343138486
10.431845437738644,-1.1350756232336134
10.447535064707793,-1.1514151866643656
10.462722947651901,-1.1679825482573383
10.483585649454872,-1.1919676318473622
10.489363119206512,-1.1988822420268357
10.503684161983317,-1.2165317647414795
10.517468566175252,-1.2343160293010433
10.53077281835688,-1.252305082584911
10.54374436378792,-1.2706906278812966
10.553973624387144,-1.2857722588868086
10.566297936686995,-1.3047489063265467
10.578226320247568,-1.3239769961535826
10.589709245393491,-1.3434742206841668
10.604922584138485,-1.3709824297942803
10.611276162653704,-1.383083669160871
10.61939191247235,-1.3990602614477052
10.629273763670204,-1.4195283119481872
10.638648413066704,-1.4400668604794429
10.647499487658903,-1.4607812238901179
10.6558492054969,-1.4816754747258507
10.662247423438348,-1.4986576112178172
10.669819144097882,-1.520141672876275
10.676883278712381,-1.541691412295874
10.68593102866079,-1.5719545532595471
10.689552275759851,-1.5851076244949496
10.695398240091622,-1.6076474687129403
10.6998467584749,-1.6258412769421684
10.705051828740313,-1.64871940430012
10.709828690845821,-1.6716648976380175
10.714164416830394,-1.6945691088029933
10.718020157892214,-1.7174562533031428
10.721513164723413,-1.740580818700889
10.724059395368101,-1.7591877728086185
10.728352566460783,-1.7964507246704646
10.729242503376078,-1.8056207321194475
10.731259049357375,-1.8290730278687863
10.732967295730402,-1.8530319500515466
10.734422229439508,-1.877007614775558
10.735408751352209,-1.8957368165478146
10.736424194557706,-1.9191017663875345
10.737212122588248,-1.9426021320910527
10.737756142681318,-1.966514475458192
10.7380643685043,-1.9904310172009307
10.738095363222598,-2.0236383943279126
10.738003309768512,-2.0331547671865957
10.737579798310547,-2.0570948435396743
10.736939226238038,-2.0809035589620253
10.736105174513558,-2.10460494649751
10.73504286547658,-2.1281451617955383
10.733717997133056,-2.151697397835847
10.732474239201514,-2.1706649275532124
10.730705524969869,-2.194467243298542
10.728811525910855,-2.218234557302229
10.726051162438766,-2.2516320213748937
10.724897065239576,-2.2657589422135964
10.7231124829069,-2.289382372190838
10.721855033835393,-2.308323622233184
10.720518827733175,-2.3318245549339176
10.71934455815261,-2.355460869018446
10.718384572364402,-2.379258805901301
10.717655539444914,-2.4030396076889136
10.717221428445052,-2.4220429331307467
10.716853896170953,-2.445882735626173
10.716648262113889,-2.4842022848465937
10.716676662354878,-2.4936178173415926
10.716943155240436,-2.5172817346635856
10.717429314882192,-2.5408155907924592
10.71795356642625,-2.5595381255439125
10.718810137201867,-2.5833906686420622
10.719894927032632,-2.6073352606265017
10.721170817380907,-2.6309916531072006
10.722632615729912,-2.6545865537504203
10.724309598157609,-2.6785731047082475
10.72697815842119,-2.711850857736757
10.727816809210617,-2.7213306515676976
10.730014228062918,-2.7446142268569633
10.73243289195587,-2.76790128717271
10.73512133629835,-2.7916937303476193
10.738020260871059,-2.8155124432564547
10.740438799478706,-2.834238639674347
10.743661250792876,-2.857709207079547
10.747112997983749,-2.8814029725500685
10.750796714765855,-2.905292298673143
10.756118462798836,-2.9378141257595685
10.758498465814592,-2.951632788567919
10.761804915201301,-2.97011990372848
10.766209880885503,-2.9935263213610255
10.770815388469689,-3.0169715105220525
10.775583416085057,-3.0401774972905597
10.780558016361244,-3.063340060256562
10.785823414063701,-3.086697772394796
10.790156040735603,-3.1052836876788743
10.795701314441676,-3.1284725061744982
10.803682350551853,-3.1604718232983964
10.807289612403107,-3.1742837663528665
10.813431439817709,-3.1970334615516482
10.8185281532321,-3.2153719845414668
10.825064802159654,-3.2382220945218725
10.831830053039356,-3.261084736605666
10.838838311230123,-3.2839535367347565
10.845962041231868,-3.3065478936917945
10.853268787894079,-3.3292433342455894
10.85918063662987,-3.347228990217898
10.871497705683783,-3.383114284393618
10.874655944150849,-3.392011242216501
10.882655370174659,-3.4141492038414056
10.890967391784702,-3.436496019010395
10.899490654274002,-3.458763114788207
10.906495882289418,-3.4766239101895335
10.915286921641425,-3.4984868808401712
10.924314430210138,-3.520472340682711
10.933601282756193,-3.542569295203276
10.943055460036287,-3.564484943290092
10.956413894690098,-3.5944995756140568
10.960298887317936,-3.603048487960231
10.970241154703853,-3.6246077912235943
10.980464278946732,-3.6462874958789775
10.990840847543074,-3.6678098982886165
11.001254550511867,-3.688976382099832
11.011862436701326,-3.7101028764767623
11.020628097488622,-3.727282521447254
11.031663038483636,-3.748503436649463
11.04272319916882,-3.769396740058483
11.058252006200467,-3.7983195579073947
11.065067164498856,-3.8109492604702186
11.07637516309062,-3.8319110257658853
11.085411804863343,-3.848691446332823
11.096576407020592,-3.869500427644839
11.10777431008468,-3.8904064312915883
11.119154447515522,-3.911674227113723
11.1303652595222,-3.9326881270478884
11.139177902415906,-3.949358538360496
11.149977113298142,-3.970131455310762
11.166961506951115,-4.0040574883191145
11.17103611428059,-4.012489566216996
11.180765036766278,-4.033422240217125
11.189819632625273,-4.054076119888062
11.196670278780278,-4.070552407751592
11.20490702053942,-4.091627422621492
11.212723928146016,-4.112969616087263
11.220057056572807,-4.134375935295748
11.226890678883109,-4.155920244867247
11.233209430428067,-4.177489305032723
11.241336044155165,-4.208091049604026
11.243488308315692,-4.216892956811789
11.248564695975203,-4.239021623895274
11.25308714734676,-4.261114961611613
11.257098161094294,-4.283358282095426
11.26057241137407,-4.305614889380581
11.263016338762789,-4.323469346544556
11.265640642252945,-4.346096980104221
11.267788155200346,-4.368622399029619
11.26942037501643,-4.391216236711225
11.27083463382203,-4.42266979474159
11.271133672684067,-4.436258343290211
11.271277724649204,-4.454354655559469
11.270976350634763,-4.477131905700137
11.270176193814269,-4.499745275205323
11.268832830305529,-4.522155250926249
11.266970761532695,-4.544629716732409
11.264590156796192,-4.567131569790481
11.262361244081262,-4.5850906686437725
11.259103578518463,-4.607584621388665
11.253711766990213,-4.638733287419568
11.251068100489736,-4.6520913479633395
11.246281048027985,-4.674154792698416
11.242133166853323,-4.691691884047936
11.23646513904551,-4.7136502155048055
11.230300828281976,-4.735553266580397
11.223733213537528,-4.757047958985277
11.21668137170679,-4.778335259270722
11.209111979547986,-4.799605352482639
11.202689089847523,-4.816659395531178
11.189029104912084,-4.850229970264767
11.185462444730124,-4.858477056858316
11.176232057397478,-4.879025436101011
11.166396632271862,-4.899852379434288
11.156113266227992,-4.9206596120166335
11.147572379325126,-4.937357107799822
11.136473321967078,-4.958286898965965
11.125028610935276,-4.97908759711002
11.113142772411905,-5.000018655016991
11.101003950132373,-5.020862643319748
11.083632896466783,-5.049874555545383
11.078556828628356,-5.0581630051625295
11.065819910463327,-5.078617197881759
11.052946128206125,-5.098925649186056
11.039784573176684,-5.119229984866682
11.026370611998203,-5.139459585763657
11.012782794961979,-5.159419900557286
11.001825284218668,-5.175137465573128
10.987769158317315,-5.1947708154305445
10.973261980532632,-5.214608989803292
10.952455516764095,-5.242506578880262
10.943427523543662,-5.254433670742507
10.928316770516492,-5.274167884889531
10.916139855975425,-5.289900052582868
10.900662587842856,-5.309670596883963
10.885203032495477,-5.329165097532297
10.869738843359922,-5.3483642639284374
10.854074450946054,-5.367564068656597
10.841332925600986,-5.383039777384197
10.82542076276106,-5.402166624534123
10.799695429248057,-5.432552844279502
10.793200934011626,-5.440120571900648
10.776789424795913,-5.45905581298719
10.760269784987695,-5.477896795987231
10.747214820311335,-5.492638933363691
10.730779997900353,-5.510980115401875
10.71412969947319,-5.529331499230396
10.697286371768687,-5.5477124065328125
10.680180492734687,-5.566195607931026
10.662904950005224,-5.58472849859729
10.638205860165918,-5.611151015483158
10.63115302828575,-5.61869419354762
10.61348119126531,-5.63758426586551
10.595915562356277,-5.656331067934654
10.5782838010899,-5.675154645449344
10.560693997399724,-5.693948161369753
10.546526756258656,-5.709080889592071
10.528943833793653,-5.7278461724693805
10.511275515362987,-5.746670168601232
10.493675515413615,-5.7653847055401615
10.46945379423262,-5.791179270494351
10.459012114122041,-5.802310777898207
10.44488515737497,-5.8173424796720905
10.427287252570455,-5.836024226919669
10.409784415884188,-5.85455209169628
10.392222989725536,-5.873129061611725
10.374596929366245,-5.891714541097806
10.356916621051877,-5.910318324556314
10.342925146224824,-5.925060206932335
10.325540242478375,-5.943455742863603
10.300913512569371,-5.969599067881093
10.290383806600543,-5.980786788207848
10.272850186135708,-5.9994595040986285
10.25877993129989,-6.014474997251493
10.241205016692543,-6.033247780979729
10.223555307702718,-6.0520892272446964
10.20601955932778,-6.070829331170379
10.18872039321382,-6.0894094014320155
10.171353843142697,-6.108134169977415
10.15745041168669,-6.123132150133969
10.129456522756707,-6.153368874712524
10.122568736181991,-6.160823569640732
10.105169539331168,-6.179656080076872
10.087686397489835,-6.198514358309669
10.070238126323087,-6.217301410915839
10.05634883587277,-6.23227798511566
10.039123840083201,-6.250892373319744
10.021733069546679,-6.269698205803023
10.004287786345069,-6.2885570499635
9.9868833407567,-6.307384709910883
9.962547389004381,-6.333695581460568
9.95557693193274,-6.34121171094491
9.93806238371649,-6.360075380218306
9.920717165974587,-6.378750884441369
9.903500981364461,-6.397338936732863
9.886148743366961,-6.4160769707975165
9.868618496906267,-6.434995124522166
9.854669483637627,-6.4500543867664115
9.837276478255438,-6.468858151545793
9.819865497343448,-6.487679766749874
9.784947836978715,-6.525337863431938
9.778071029467283,-6.532768237145033
9.767665133059797,-6.544036778694065
9.753993710655276,-6.558870074639999
9.736568930686794,-6.577782294697998
9.719083500013578,-6.5967418777484585
9.701577331798639,-6.61568231289868
9.684079295409619,-6.63456129786996
9.669953900843394,-6.649733078575096
9.652550864633756,-6.668250619084281
9.617878734342785,-6.704470459453369
9.600595992326017,-6.722121359032668
9.5831322129537,-6.739700368474327
9.568980772301162,-6.753790857084156
9.551169619855537,-6.771307815630277
9.533275137603283,-6.7886670132623275
9.5153003634748,-6.805869945243201
9.497212344490732,-6.822953762183701
9.478982024057364,-6.8399970390678595
9.464473610068284,-6.853423296230935
9.428629192064035,-6.885557172543678
9.410761938565889,-6.900881572019762
9.39283989392051,-6.915668805160114
9.374922499202297,-6.929816993265779
9.360404646851054,-6.9408316883753285
9.34217167824464,-6.954016711240772
9.323883713405532,-6.9665970872162974
9.305599110413533,-6.978499799404228
9.286897881869839,-6.990028538744161
9.268033377123698,-7.000988797099887
9.233603913026185,-7.019252384457531
9.214439892406673,-7.0283998888369394
9.19513123495631,-7.036866137323084
9.175501391520752,-7.044764076266402
9.156051273686913,-7.05185806304364
9.14050590379868,-7.057005210432906
9.1209781722572,-7.062727883446194
9.101335161645283,-7.067743847502485
9.081415827157125,-7.072025380551685
9.06125425229512,-7.0755973647074155
9.024824536995483,-7.080206107595848
9.004581919876056,-7.081709252644142
8.984349300556557,-7.082499113208489
8.964050967992856,-7.082518772520746
8.943765361506623,-7.081798604185677
8.923493422510727,-7.080349165540322
8.907152911576569,-7.078675902556262
8.88689405723313,-7.075885053587333
8.866846771023482,-7.072392372086995
8.846949445964729,-7.068128971749031
8.81162672869808,-7.058666720826897
8.792145352121656,-7.052363974151697
8.772925933630203,-7.045376453924202
8.753942915993244,-7.0377015995379955
8.75025676576343,-7.035839175937643
8.732122572918291,-7.026832550025373
8.717741050370227,-7.019108121905832
8.700275335570915,-7.008915232623251
8.683023496104708,-6.997981252107088
8.666177075717833,-6.986476709344234
8.633840754658694,-6.961610116535483
8.627573165567112,-6.956360954476702
8.621424569558096,-6.951011381076548
8.606467727135545,-6.937288589559208
8.592009995271226,-6.92300484680264
8.577991891406763,-6.908149486037781
8.564501035165927,-6.892746685496967
8.551569930944039,-6.876871115774066
8.541644048827338,-6.863878828500693
8.529857674162406,-6.847259832220164
8.508264172848685,-6.812919633737761
8.498403918977973,-6.795090246511121
8.490734495090194,-6.780193144320143
8.490209604583885,-6.7791538826613005
8.490129754205281,-6.778995721893724
8.490129754205281,-6.778995721893724
8.490129754205281,-6.778995721893724
8.490129754205281,-6.778995721893724
8.490129754205281,-6.778995721893724
8.490129754205281,-6.778995721893724
8.490129754205281,-6.778995721893724
8.490129754205281,-6.778995721893724
8.490129754205281,-6.778995721893724
8.490129754205281,-6.778995721893724
8.490129754205281,-6.778995721893724
