2.5310686358537652e-05
2.5310686358537652e-05
2.5310686358537652e-05
2.5310686358537652e-05
2.5310686358537652e-05
2.5310686358537652e-05
2.5310686358537652e-05
2.5310686358537652e-05
2.5310686358537652e-05
2.5310686358537652e-05
2.5310686358537652e-05
2.5310686358537652e-05
2.5310686358537652e-05
2.5310686358537652e-05
5.0621372717075304e-05
7.593205907561296e-05
7.593205907561296e-05
7.593205907561296e-05
7.593205907561296e-05
7.593205907561296e-05
0.00010124274543415062
0.00012655343179268828
0.00012655343179268828
0.00012655343179268828
0.00012655343179268828
0.00012655343179268828
0.00012655343179268828
0.00015186411815122593
0.00017717480450976357
0.00017717480450976357
0.00017717480450976357
0.00017717480450976357
0.00017717480450976357
0.00017717480450976357
0.00017717480450976357
0.00017717480450976357
0.00017717480450976357
0.00017717480450976357
0.00017717488635318352
0.00017717488635318352
0.00017717488635318352
0.00017717488635318352
0.00017717488635318352
0.00017717488635318352
0.0001771754136209306
0.0001771754136209306
0.00017717564745927335
0.00017717564745927335
0.00017717564745927335
0.0001771757983227203
0.0001771757983227203
0.00020248648468125795
0.0002277971710397956
0.0002277971710397956
0.0002277971710397956
0.0002277971710397956
0.004302626398860824
0.01986863692418227
0.04449592676918267
0.06522524376698086
0.08729574186365027
0.10531649253241789
0.12485553845642132
0.14659710501512804
0.17006009098401012
0.1861576871099429
0.20622905330076294
0.21845411481401503
0.2473334749103433
0.2644940701099973
0.27745314152777456
0.3076231925027267
0.32954209210780333
0.3472341465589235
0.3687987717963169
0.39031279282690573
0.4125354232846654
0.43063252604152
0.4559685230257911
0.4816588692868431
0.5073492152104405
0.5329130083782756
0.5535159070400809
0.5787000330124976
0.6037069745703708
0.6289417274000279
0.6495446239875574
0.675032482757015
0.700444411691548
0.7105939969230475
0.743700126786224
0.7672390559881119
0.7927016060034348
0.8181135351117285
0.8385898799414657
0.8644320873435568
0.8796691205339926
0.9153571630499804
0.9360359916956612
0.9601315335947121
0.9802787342876079
0.994705650788488
1.01467572166882
1.0336587255263587
1.0583113275431808
1.082381747377895
1.1057433605697324
1.1235871915703495
1.1461388654285372
1.1684879951961464
1.1902803224304963
1.2101238923788782
1.2357383064324148
1.2610489798871851
1.285169991986427
1.304431372923211
1.3286030405752105
1.3529265923859648
1.3771739608196705
1.3948403383664763
1.4157971641114149
1.4248330743403628
1.426326404835779
1.4296926833499835
1.4328565186049604
1.4331096255576843
1.4351091884621097
1.4398168291438809
1.4399940038881225
1.4401964930192326
1.442423833419159
1.4508262656702189
1.4630738413527453
1.4724631230053526
1.4779808526324443
1.489368221670402
1.492025843738506
1.4963286371450946
1.496531122617095
1.496607054638133
1.4966576760108576
1.4967082973577763
1.496758918730501
1.4968095401032255
1.4968601614759576
1.496936093499234
1.4969614042558368
1.4970120256285613
1.498809082176476
1.4991381210461405
1.4991887423998673
1.4992140530862335
1.4992899851453165
1.5012895089882505
1.5053391874662083
1.506351614920648
1.5064528576661047
1.5064528576661123
1.5064781683524708
1.5065541002962861
1.5065794109826522
1.5066047216690106
1.5066300323553692
1.5083764676390057
1.5086295745026361
1.508705507026274
1.509591380873063
1.5100216625405805
1.5108316044849057
1.5109834685593735
1.511008779245732
1.5118187211261112
1.5121730707137284
1.5134892253613552
1.514830690879604
1.5151850404886913
1.515260973299223
1.5171845805865845
1.5190828780460486
1.5196903344678236
1.5197662665840492
1.5198421986032467
1.5198675092896128
1.5199181306458767
1.5201965481789048
1.5203737229511893
1.5203737229511969
1.5213861494368486
1.5227782370203629
1.5230313438625938
1.523638800321043
1.5244993634548654
1.5250055771702622
1.5250561985429942
1.5250815092293528
1.5265242141574742
1.5282453402383416
1.5286756219065119
1.5288021754541807
1.528852796796386
1.5288781074827447
1.5289540395318473
1.530675162938479
1.532092557193965
1.5351551073851133
1.5380911419356542
1.5386226663202718
1.5386985983444899
1.5387239094092822
1.5388757734898193
1.5389010841761854
1.5389770162352685
1.5398122684837137
1.5405462783882389
1.5405715890745975
1.5411284241738317
1.541432152373216
1.5415333951186652
1.5415840164913899
1.5416093271777485
1.5428748588515084
1.5443428786128652
1.5445959854511135
1.5446212964466899
1.544950335369355
1.5456084132075096
1.545836209370205
1.5458363763556406
1.5458616870420068
1.5459882404679994
1.5478359161223185
1.5484939939551101
1.5485446153278348
1.5496835947813659
1.5505441581135047
1.5505694687998632
1.552037487302915
1.553657365458266
1.5551506959267472
1.5552266279802534
1.5567705783768717
1.558314530133532
1.5585170156058736
1.5588207438311634
1.5595800644173343
1.5599091032994352
1.5599344143165252
1.5616302256804633
1.5650218446266866
1.5653508835364425
1.5660089612324224
1.566844213882022
1.5678566411176513
1.5685653403358106
1.5692234181785518
1.5700586707661495
1.5706408165499752
1.5706914379226997
1.570767369944257
1.5712988948980353
1.572412565098006
1.579043841780306
1.583574396139691
1.5869912686061922
1.5905853520707212
1.5923064787433867
1.6006589872281067
1.610352911161163
1.6199455939906844
1.6295129555645764
1.6367011387589807
1.646293747794883
1.6560636377955102
1.664745158341749
1.6743124711764268
1.6827661025380662
1.6909667470539766
1.6981549768908082
1.7075199308315496
1.7156446611432916
1.7246552568120637
1.734703579070809
1.7472574901756912
1.7569514827999415
1.7640384318064484
1.7724415796408632
1.784059123836826
1.7991695428878227
1.8212655117455925
1.8428047006276196
1.8623943858152447
1.8765169612386199
1.8936258309508893
1.894461335864338
1.901952769094283
1.908279972818737
1.9151895738550606
1.9180243044984482
1.9182520925484179
1.9188848379700112
1.9205550819832697
1.9225799437782523
1.9234404954391784
1.925920821543811
1.9269078676334193
1.9277937018877684
1.9298691017347118
1.9319444409128281
1.932096336106881
1.9322486636558736
1.9336407055784728
1.933919229144032
1.9350327545318762
1.937335593047931
1.938272340736258
1.9402211677599377
1.941562436798595
1.9427267283712828
1.9458897728955642
1.9480914933092786
1.9595064485685911
1.9783627032063764
2.0016484785099835
2.025617564792756
2.048979166206828
2.067911411037184
2.0912477377547902
2.1142295581205452
2.1365025847139427
2.1540678686621657
2.1761130398001938
2.197601326636207
2.2166840688539367
2.2303502456158957
2.246826161340062
2.255000861473127
2.2783626177093934
2.3038757890559873
2.324326822845608
2.3497640623081875
2.3751759913003454
2.400511987685256
2.425873295060242
2.451158670463678
2.471381908772031
2.4968697687493764
2.522433561251678
2.5478454891567264
2.5733080386356444
2.598719967707791
2.6055538525583994
2.6060094449127593
2.6060094449127593
2.6060094449127593
2.606009445215995
2.606009445215995
2.606009445215995
2.606009445215995
2.606009445215995
2.606009445215995
2.606009445215995
2.606009445215995
2.606009445215995
2.6060094456067313
2.6060094456067313
2.6072749799248833
2.613931287866064
2.619372850374122
2.625345571133251
2.630635504583086
2.64669895985657
2.658086854645562
2.666513882662105
2.677801063255396
2.687974770192559
2.693340531096133
2.694631369882784
2.6997436318021086
2.704552671293231
2.7094622468019756
2.7169287921104326
2.7324689909497972
2.7507679137748036
2.7696486039946238
2.783644997036634
2.7939173269716213
2.793944445295314
2.794931114752948
2.7964484798188307
2.7969323941932567
2.798197398724376
2.7985009036395034
2.7987031919936083
2.798804434739065
2.7996139940182716
2.8011566016527962
2.812292619371454
2.8184406612289585
2.8233498988802
2.8406875430199965
2.864808545006289
2.884728046139535
2.9094564860045846
2.9328687650946113
2.956053169671438
2.975517080041184
3.00128335761948
3.025632163181115
3.0484876811872383
3.070128312170565
3.0875673707812457
3.1103216735100268
3.132367281016344
3.154640673795404
3.172990902236021
3.196200785409407
3.2193853496339258
3.24206370433098
3.259350902710386
3.2815230512553213
3.305745377757612
3.3299928215868886
3.348798570622505
3.3633522152811404
3.3969643736643658
3.420123293325037
3.438118945859125
3.4611007419751516
3.483247540564755
3.50455906230207
3.525946544057482
3.5427780821630646
3.5642161296894326
3.586388080797664
3.608408258282946
3.6272900251610034
3.6520438647718976
3.6771520569056766
3.7023614890990775
3.722610025380711
3.747743528335134
3.7730542134877756
3.798364897961406
3.817904667764264
3.840962385364483
3.863184975561777
3.885559272825501
3.9078323798064147
3.926106521171684
3.949240345342265
3.9725007029177886
3.99596359598334
4.014490810315126
4.037371563617924
4.060555935227745
4.083208781970284
4.101660145326508
4.125198981717883
4.148889687405476
4.172352569703266
4.190246860422549
4.211406067487395
4.232793356013551
4.254787937261342
4.276402806279917
4.293740237967104
4.315583080342208
4.337299219613077
4.359217985001853
4.3773401964991985
4.399512103242784
4.421557366450814
4.444007632824347
4.461952672273269
4.484529516489236
4.507055876254503
4.5297846565710875
4.548311975399673
4.571724264087002
4.595541585658887
4.619991677188592
4.644770796091183
4.664133393825525
4.68787472463208
4.71118572283928
4.7345220343652406
4.753327788826883
4.777043799040757
4.799899125543478
4.8232101261035245
4.842319657422478
4.866820373554263
4.8917513938268495
4.916935526309282
4.937335938836741
4.962722554330452
4.987805443505437
5.011951269315174
5.021213761572977
5.040318892432879
5.046696252670301
5.068868315681159
5.092761548422168
5.11169376635081
5.132371258300262
5.143885172373085
5.162184027184426
5.181065596852247
5.203414756406108
5.226776337301712
5.2486444583741445
5.267121133671948
5.290989058123775
5.314324776887552
5.328876285308794
5.346694931293122
5.3722081029297035
5.39774655154499
5.42161440349347
5.441305252638005
5.443480853517502
5.44816324317686
5.469019055330567
5.494405673749673
5.514375796804544
5.538901781490887
5.561959662733505
5.584992140581482
5.601593665470593
5.60475698719411
5.609566031905322
5.6317888053828105
5.649911256310402
5.6733995701664846
5.6972675469647305
5.7208824146695205
5.741181566809161
5.7664669342005865
5.7903341791586636
5.79311747222558
5.794559872797061
5.809670254388834
5.834575662786772
5.842598902221113
5.854039330537067
5.864745749423176
5.879476565941922
5.891929385727335
5.908355884986542
5.923769969379568
5.948878133492185
5.972670102735129
5.996993654833806
6.017039716679784
6.040730304615944
6.061965571300571
6.0779598207801016
6.092690219816246
6.113343525993899
6.131008470757212
6.133841509791256
6.134372764616662
6.140118290421026
6.159301712806687
6.168918455062567
6.178256995602502
6.192152546134519
6.213489441353315
6.235914418162549
6.241606858307487
6.241733298488205
6.244060745319383
6.250717455832811
6.268904035516174
6.279506600263943
6.291753487759563
6.3029129050198796
6.309236994498805
6.3151572227457695
6.321712690513756
6.339699917140763
6.3523518260289356
6.361813753615786
6.365709723565554
6.377831648177388
6.3911168023546905
6.4043258990190965
6.414370867933498
6.424037481708719
6.4332736389665515
6.448611913613614
6.45245878254774
6.463340475192338
6.478373983518484
6.494090626994611
6.504769908098182
6.517119338391216
6.531064479234459
6.550249397417966
6.561714501932386
6.575964353269284
6.583202987942689
6.58887227236152
6.596060275749361
6.600767790469394
6.6063612451324065
6.611954594132067
6.617623876277887
6.622103609331651
6.627696952746333
6.633416965287898
6.639288721732872
6.645287035843022
6.6499186151708525
6.655562697636772
6.661130741212162
6.6666481683441905
6.671051981350059
6.676544105459238
6.681935096016502
6.687730941676392
6.6930966268468035
6.701727510545828
6.712636414193773
6.724127458287922
6.732201503691613
6.74126263435065
6.751007202421003
6.758169804682322
6.7642187682048345
6.770470363770983
6.777784950024677
6.783707326442377
6.789351316386149
6.793704505308697
6.799196634173244
6.804714175929268
6.810231605088335
6.814711340317208
6.820431239178406
6.826100638370965
6.831820543066711
6.837540442265241
6.8420707976076045
6.849056476340916
6.860446285174919
6.872646035894953
6.882061604486516
6.893577963130707
6.905195562029311
6.9185848466599165
6.9281264782238905
6.930783578364148
6.931871874624359
6.932909561755816
6.933719388285294
6.93432712449985
6.934556694693113
6.9401248185898865
6.945819496403066
6.950375240074712
6.956272489636239
6.962068419151758
6.967990892658519
6.972698490638142
6.978595735674377
6.984467587155828
6.990238205310052
6.994920503474809
7.000716438146401
7.006411208476636
7.008967363465163
7.009119213823173
7.010333949566915
7.011245100782416
7.012915279937985
7.015775260021155
7.021064950149162
7.02673440372292
7.03258095383849
7.0385287474937135
7.043135115062054
7.049032362937543
7.054929524206718
7.060851993186904
7.065584905450394
7.071456837891317
7.077303386452767
7.083074008479404
7.087655069648815
7.093425657342622
7.097905495270804
7.103195073032844
7.10357513169635
7.107548793689011
7.1155469215107185
7.12842837723975
7.139083408332088
7.150295063457061
7.161203287216519
7.171427824533189
7.179931498921097
7.190814442665774
7.204532169024009
7.213921207431479
7.223006524833379
7.230370877317339
7.239608464808376
7.248668482036197
7.258083000542814
7.265700627375239
7.274558559247681
7.286023952841439
7.299564785401495
7.311004994796308
7.3259128053922895
7.340668740340069
7.352488057878554
7.355272233231337
7.355424097342566
7.355930311057312
7.35643652476647
7.356917427795203
7.357373020130872
7.357904544534102
7.358334826188821
7.358841039898438
7.359271321547219
7.359701603199366
7.360182506233272
7.360663409259383
7.361068380228675
7.361574593937963
7.3621061183429815
7.36258702135849
7.363042613696201
7.363574138085212
7.364080351799038
7.3645865655088105
7.364991536475421
7.365523060866593
7.366003963897047
7.366510177607991
7.367016391315356
7.367446672971317
7.367952886687871
7.368459100401993
7.368965314110464
7.369319663709367
7.369800566741674
7.3703067804601226
7.370737062111169
7.371243275825387
7.371724178844583
7.372255703250825
7.372787227629507
7.373217509281541
7.373698412308447
7.374229936703187
7.374736150413488
7.375217053433535
7.375622024398657
7.3761535487960215
7.376609141135058
7.377115354850203
7.377570947186067
7.378051850216519
7.37853275323976
7.378963034889726
7.379393316548359
7.379874219581439
7.380355122608208
7.380810714946646
7.381266307275
7.38177252099284
7.382228113332324
7.382784948408463
7.383189919376104
7.3836708223980825
7.38420234680143
7.384708560511962
7.3851135314781
7.385594434504193
7.386100648221425
7.386606861936967
7.387087764967124
7.387518046618539
7.388024260336388
7.388479852677175
7.3889607557044314
7.389365726671632
7.38987194038296
7.390378154091258
7.3908590571205774
7.391289338779789
7.391770241803588
7.392301766208731
7.392757358549796
7.393187640204399
7.393693853914119
7.394174756945855
7.394680970656444
7.395085941622499
7.395592155327439
7.39612367972798
7.396604582754466
7.397085485780859
7.397541078121607
7.397996670465513
7.398452262813095
7.398983787214843
7.399287515445137
7.399793729161498
7.400325253552609
7.4008567779411365
7.401261748909069
7.401692030565422
7.40224886565056
7.402729768680478
7.4031347396505
7.403615642674088
7.404071235019568
7.40462807010281
7.405007730385199
7.405539254778569
7.406020157809588
7.406526371517273
7.407032585227864
7.407412245512559
7.407893148548298
7.408323430207848
7.408829643918827
7.409234614888708
7.409740828597866
7.410221731627346
7.410727945341774
7.411132916311358
7.411639130018523
7.412094722369594
7.412550314716333
7.412955285680693
7.413461499390867
7.413967713102612
7.4144486161268
7.414853587090742
7.415385111482242
7.415891325195055
7.416422849591596
7.416903752621233
7.417308723591647
7.417764315934934
7.418219908278251
7.418675500621094
7.419055160902761
7.419561374618365
7.4200675883277585
7.420523180668996
7.420928151636613
7.421409054660308
7.421915268372333
7.422421482078761
7.422851763729691
7.423357977438808
7.423864191156908
7.4243957155486155
7.424800686516679
7.425281589539138
7.4257878032565845
7.426294016963183
7.426774919989426
7.427179890956335
7.427635483303551
7.428116386331521
7.428622600046146
7.429027571014615
7.429559095419752
7.430090619814717
7.430571522837023
7.431001804487538
7.431508018194312
7.432014231911772
7.432520445622184
7.432925416587167
7.4334316302910235
7.433963154689502
7.434444057711115
7.434849028676359
7.435355242390369
7.43591207747912
7.4363929805027835
7.436873883526416
7.437228233124
7.437683825469072
7.438190039178995
7.438670942205652
7.4391012238576035
7.439607437573094
7.440088340598964
7.440594554308682
7.4409995252754335
7.441480428298585
7.442011952698641
7.4425181664030475
7.442948448052719
7.4434799724435425
7.443960875469173
7.444492399862149
7.444897370828962
7.445428895227511
7.445909798255866
7.446390701291029
7.446795672265481
7.44720064324015
7.447681546270899
7.448137138609515
7.448668663008713
7.449048323289456
7.449352051525803
7.450086061360473
7.450617585755723
7.451022556721052
7.451528770433312
7.452060294828864
7.452541197844534
7.45299679017701
7.453503003880617
7.454034528282338
7.454515431302597
7.454920402271357
7.455426615983182
7.455932829697011
7.456439043405587
7.456818703688564
7.457223674656527
7.457527402892882
7.458210791362556
7.458717005070175
7.459121976036013
7.459628189751433
7.460159714151204
7.460665927857573
7.461070898826364
7.461577112533611
7.462058015567525
7.462488297231188
7.462893268199675
7.463399481911617
7.463956316998427
7.464462530711601
7.464842190991776
7.465297783335421
7.465803997051072
7.466284900079579
7.4667658031105395
7.4671454633973
7.46767698779859
7.468208512195752
7.468714725909681
7.469119696877607
7.469651221280171
7.470106813622677
7.470613027335907
7.47104330898922
7.47149890132951
7.472030425731962
7.472511328759187
7.472941610410976
7.473473134798142
7.47400465919824
7.474510872909963
7.476358552853294
7.49926472368917
7.524524787697523
7.549835473620307
7.5752220909049
7.600735261440853
7.621186295752181
7.64669946716959
7.672136705507234
7.697599254764875
7.722909939936782
7.748296554652179
7.768469168190122
7.793931716334535
7.819495508271708
7.836124621053833
7.837086427132185
7.837111737818543
7.8371117378472075
7.837111738070485
7.837137048756843
7.837137048779472
7.837137048779472
7.837162359465831
7.837187670152189
7.837187670167276
7.837187670167276
7.837187670167276
7.837187670167276
7.837187670167276
7.837187670167276
7.837187670167276
7.837187670182362
7.8372129808687205
7.837238291555079
7.837238291708959
7.837238292306378
7.837263602992737
7.837288913679095
7.837288913679095
7.83776981671999
7.843464208714947
7.850120713537898
7.854322237936504
7.856954536988913
7.8569545407831285
7.857081094412741
7.857891036286432
7.8579922790318815
7.858245385889182
7.858346628633708
7.8583972500064325
7.858422560692791
7.8586503571016015
7.85976402394454
7.861156110537067
7.861232042639073
7.861459839475025
7.863130336921958
7.864497113002938
7.864674287799562
7.8650539480514166
7.865155190796559
7.865205812142599
7.86639541382143
7.86674976339651
7.866800384769235
7.867180045041808
7.867635637217618
7.868445578432966
7.868901170699997
7.869154277469221
7.869989529455223
7.871204440470263
7.871913138943881
7.872849633058465
7.873558332176855
7.873558332176855
7.875203517703663
7.877506760981668
7.880417467255792
7.883277546399947
7.885074597023411
7.886441370597273
7.887504417006069
7.890592264378484
7.895704855527447
7.898666150625945
7.902260176835969
7.9074740416408975
7.912131117961274
7.914282464698139
7.920938576875465
7.926177524936403
7.9370594681129365
7.945992674697557
7.957279455492381
7.968389727972978
7.978790362331115
7.986609572108517
7.996376165086294
8.003587333702999
8.009127297220777
8.010322201998212
8.013308217500315
8.02279780745188
8.024214703044573
8.024240013730939
8.025555124841208
8.0266180792701
8.027022803264918
8.027655031396517
8.028615985870033
8.028793250525657
8.031449570623929
8.034309926167955
8.041318428378652
8.051894779415791
8.06004243573011
8.065381580753794
8.073454290475569
8.082412773254466
8.091522670670189
8.093596802157819
8.093723578490126
8.093976472114988
8.09450780391432
8.095266725600606
8.095696787586936
8.096354865432371
8.108351104857077
8.113412864701768
8.127636272494799
8.143784089036437
8.166664813398532
8.190507330117267
8.204044147518875
8.208295491419088
8.230644170864549
8.247956345045992
8.268379899473464
8.271921203049208
8.27485645235051
8.29472506956213
8.317150181902658
8.336664702988301
8.35192704205955
8.372884283087313
8.394195842607065
8.415279583629005
8.432794555413253
8.45815585741978
8.478554621944005
8.483210872595619
8.50014371097924
8.520897899009974
8.541044811381216
8.561292870805168
8.578529005585182
8.598776980330609
8.619860601316763
8.641627655038537
8.665090633018826
8.684276090674166
8.707916255978157
8.73350534756132
8.757297259050054
8.776027054775712
8.799565896517883
8.822598441372257
8.845808149428922
8.864183535723035
8.887671779408832
8.912602800384333
8.938394389738079
8.958516360220582
8.981320888350307
9.002151293481017
9.025664843518928
9.043863126723934
9.066465277173608
9.086561381486025
9.10539178926719
9.129082416926797
9.143812413120214
9.155201785275793
9.157427565103355
9.16324704065868
9.165828605333312
9.17623063455177
9.184861047413492
9.194098726949033
9.201995194396906
9.22358520252878
9.249199610279572
9.274409030626693
9.29473350847772
9.319360789294896
9.342671928435475
9.36448970439722
9.382941193888135
9.40610044829732
9.427563835758235
9.448850019230592
9.470844925435124
9.488663550809333
9.508785223362596
9.522678586785263
9.534066224685157
9.543607553609757
9.547834235257168
9.550162109308587
9.55226243725262
9.559601080582235
9.565825159587854
9.566408081459606
9.568255252205706
9.568609546673018
9.572253370157249
9.574833995963921
9.58176766246971
9.589510903800752
9.595558737753407
9.60558084934197
9.615931486788979
9.6238773492137
9.628608673306829
9.632252459991005
9.638047202264449
9.647587528602878
9.648349848952254
9.650778898985688
9.654801005151674
9.656647257196257
9.657355483049823
9.667250573664418
9.672081934106048
9.672335040969678
9.67291667001102
9.674813401009411
9.67668553796929
9.677142953156007
9.689670987556681
9.70761581310008
9.726775871059406
9.747935511258023
9.763754393598866
9.783470448511396
9.795870849773912
9.816068487039033
9.83963258972772
9.857678855623586
9.880534276380763
9.903313686909406
9.927206915376322
9.946139220457294
9.969146501581815
9.993723168998411
10.018299766533188
10.036092912001408
10.05861917979137
10.081879621629415
10.105190627450474
10.124224133793385
10.146370658852726
10.169099505264638
10.191524388870521
10.208203367445195
10.22703329720839
10.246192894156975
10.265478821405074
10.284259104474415
10.301546300590886
10.325110544727186
10.350092122316019
10.37264390640946
10.387754299369115
10.408028122202214
10.424252102303724
10.43981807793164
10.453004899166075
10.46649493013305
10.479529618883412
10.491956624928262
10.504738520470953
10.52415170352076
10.54728565494595
10.570343629663292
10.588288803992006
10.610764628539648
10.633569540184958
10.657083166773075
10.675154881763541
10.696719296256559
10.718410506254418
10.741822890316904
10.765792108491457
10.782218743475296
10.796468489636833
10.8108447293251
10.824664212255287
10.833472331019781
10.845039297933658
10.859162364191803
10.871741735862592
10.881891236807393
10.896697415337783
10.912921129711012
10.928942206635805
10.940660939258501
10.952734123928785
10.965161596502327
10.977968724725262
10.987586785187206
10.998723429395021
11.011479974921892
11.02519835124862
11.037980026191192
11.04375032781399
11.051773621348147
11.066098972778615
11.084549847811898
11.099786819856805
11.122136139221611
11.131349229057687
11.159689602325816
11.170977123609918
11.186135835229843
11.195979679006456
11.204203195461501
11.213566986094222
11.23163865352318
11.252468994611517
11.262793079281579
11.271395863228642
11.277012249537286
11.281111186732655
11.289184394608359
11.308141803742853
11.324467059593292
11.345272356547202
11.36678634814079
11.388477507191059
11.406093715440234
11.42831647721025
11.450741714346462
11.473850365554707
11.492504340654563
11.516169823388351
11.540164353737694
11.565145994714772
11.585318611672738
11.610148318301784
11.634421230970517
11.659099114474019
11.678790774574857
11.70240539548634
11.725564624134185
11.748951401492356
11.766010448671743
11.787574679481923
11.808835253696468
11.829842608972749
11.851609401981948
11.869605048893428
11.891802228025165
11.913923472624639
11.936424365449447
11.95388835307494
11.975579362523133
11.99889041398761
12.022732937925468
12.041564000944883
12.065381221594192
12.089325092121262
12.11296512247009
12.131213906611494
12.154221167666245
12.178392860063115
12.203779477996003
12.223648341353202
12.248427484324425
12.272750988860647
12.296796065167172
12.32091709428235
12.340456912427214
12.364198222572728
12.38750922757759
12.411275886814575
12.431068837917831
12.456151714816514
12.481437087728125
12.507051496195352
12.527603766856078
12.55220558516155
12.574984828071432
12.595966663311636
12.613152168510261
12.633804783459459
12.656002049565435
12.678528186767016
12.696979479379227
12.71996117229591
12.741753330869846
12.763646632970117
12.786856303823855
12.804522616971257
12.825707202424486
12.84575231579883
12.867595153762943
12.886856558064778
12.911382611742283
12.934465946198328
12.959574142028783
12.978506333584571
13.000678134676106
13.024849816973706
13.049477069798197
13.069143438766378
13.093720065827778
13.118119523212213
13.141810148016413
13.160388024381632
13.183952126267759
13.208073167279675
13.23277636970696
13.258087053379723
13.278588708957676
13.304127189314812
13.329868157345308
13.355634436053952
13.376085462880633
13.40164925444838
13.427061171975197
13.452523719286514
13.472772263520586
13.497931075229136
13.52311519481544
13.548147445376094
13.568800965439662
13.593858502719156
13.618156729197144
13.64210056868925
13.658527160875183
13.674219612891724
13.695860246353122
13.720512847493527
13.739850084774286
13.761743307048889
13.783839373054237
13.805631350961773
13.827752784882655
13.845470186076279
13.86986959347299
13.892978248093627
13.913099928343536
13.930690396135235
13.944230282561357
13.959364109935988
13.979688393618893
13.993103030662336
14.009807946086642
14.028562952870052
14.046584007626683
14.060606123158951
14.080145662628427
14.090117648804892
14.092193084126079
14.097052380600688
14.103885829632997
14.110086765158167
14.111301678212389
14.112516585896493
14.114263013229946
14.114566741467192
14.114617362839915
14.114870469703506
14.115300751362765
14.11583227576937
14.11628786811094
14.116819392509347
14.117199052794525
14.117705266501257
14.118236790905948
14.118743004613547
14.119173286265067
14.11962887860622
14.120160403007377
14.120615995353143
14.120995655632672
14.121501869335695
14.121982772366117
14.122463675395537
14.122944578410685
14.123349549381759
14.123830452410278
14.124286044764807
14.125905922428892
14.126209650674857
14.12663993234001
14.127120835364734
14.127551117032604
14.127905466631413
14.128411680342857
14.12891789406069
14.129398797080619
14.129778457363415
14.130309981760504
14.13076557410514
14.131322409184499
14.131702069467046
14.132182972504987
14.132233594237873
14.13223366489175
14.132613325172814
14.133144849573995
14.133676373978854
14.134157277006766
14.134663490715104
14.135068461683213
14.135524054025938
14.136030267740704
14.136536481450612
14.136916141737276
14.137245180659997
14.137548908896344
14.138029811926135
14.138434782889837
14.138940996595043
14.139447210311818
14.139928113336234
14.140358394983807
14.140763365965523
14.141143026257822
14.141699861331984
14.142079521614352
14.142560424637177
14.14306663834526
14.143547541366704
14.144079065766665
14.1441043809959
14.14450935198209
14.144559973975765
14.14466121676622
14.144990255685475
14.145521780087641
14.14605330448039
14.146559518189198
14.146989799843176
14.147470702872347
14.14797691658854
14.148432508934617
14.148837479903705
14.149343693615888
14.149875218018275
14.150381431733296
14.15078640270362
14.151292616411558
14.151798830125573
14.152279733150245
14.152811257544657
14.153216228512312
14.153722442226115
14.154203345244822
14.154734869645235
14.155165151290968
14.155671365004816
14.156177578710746
14.15673441378531
14.157139384757102
14.157620287781056
14.158126501500158
14.158582093844156
14.158987064817863
14.159467967836767
14.159974181556684
14.160024803117174
14.160126045836456
14.160227288581906
14.160708191614626
14.161239716005715
14.161594065601868
14.162100279315391
14.162606493040125
14.163062085386734
14.16359360977777
14.163973270055077
14.164479483772636
14.165011008167196
14.165491911201666
14.165846260801452
14.166352474519707
14.166858688228556
14.167390212626028
14.167845804963811
14.16832670799036
14.168832921706322
14.169263203363867
14.16969348501659
14.17017438804656
14.170705912440269
14.171212126154131
14.171566475744276
14.172072689462103
14.172629524550588
14.173110427583676
14.173566019928899
14.173970990898454
14.174451893928097
14.174958107636707
14.175439010659344
14.175894602992553
14.176400816707005
14.176856409049547
14.17736262275324
14.177818215088871
14.178273807432808
14.178754710464599
14.179210302795035
14.179640584448812
14.180146798160719
14.180627701190714
14.181133914894724
14.181538885863278
14.182045099569002
14.182551313286083
14.183032216308895
14.183538430019205
14.18394340098921
14.184449614705095
14.184955828417241
14.18546204212726
14.185841702407414
14.186373226808927
14.186904751205091
14.187410964921146
14.187815935891445
14.188322149598058
14.188777741941164
14.189283955656212
14.189688926618961
14.190195140334675
14.190650732672466
14.191182257076008
14.19161253873441
14.192144070736095
14.193637401165986
14.19399175077477
14.19449796448374
14.194751071346468
14.195105420951013
14.19556101329555
14.19609253768587
14.196497508652953
14.196978411683602
14.197484625392528
14.197965528418205
14.198370499384653
14.198851402402672
14.19933230543234
14.199838519143526
14.200218179427289
14.200749703820563
14.20125591753479
14.201762131243523
14.20214179152544
14.202648005236771
14.203154218952807
14.203635121982066
14.204141335702513
14.20449568530151
14.204875345595664
14.205153763145596
14.205584048731001
14.207127996490875
14.207279860618977
14.207431724737157
14.208292287974494
14.208671948256786
14.209228783342283
14.209684375685956
14.210139968030303
14.210570249690099
14.21105115271425
14.211506745062854
14.21198764809093
14.212392619048998
14.212898832758084
14.213405046476234
14.213885949495747
14.21441747388708
14.214797134166501
14.215278037194157
14.215784250905457
14.216290464612438
14.216720746260384
14.21722695997421
14.217733173684264
14.218239387393176
14.21861904767642
14.219125261386814
14.219606164417359
14.22006175676344
14.220416106359455
14.220897009389372
14.22137791241573
14.221884126123578
14.222390339830278
14.22277000011191
14.223326835199426
14.22380773822482
14.224313951935184
14.224693612215965
14.225199825933052
14.225706039639558
14.226186942664258
14.22661722431926
14.226920952555608
14.227148748732873
14.227427166282869
14.227629651773775
14.229047049717021
14.229553263433374
14.230008855771379
14.230489758801195
14.230945351142
14.231122525957003
14.231198458003613
14.231755293089742
14.231932467884242
14.232185574712071
14.23264116706158
14.233096759402455
14.233501730375565
14.234033254774975
14.234514157800314
14.234995060828362
14.235551895900995
14.2359568668647
14.236412459209705
14.236918672917765
14.237399575941106
14.23780454690429
14.238310760609808
14.23881697432592
14.239297877347767
14.23975346968861
14.24020906202939
14.240664654376067
14.241145557402621
14.241651771110984
14.242056742080612
14.242537645103837
14.24306916950497
14.24355007252975
14.243676627001243
14.24481560731831
14.245169956923835
14.245423067295706
14.246486115364874
14.246739222228447
14.247245435940654
14.247776960337962
14.248257863364683
14.24866283433308
14.249143737358699
14.24962464039089
14.250156164783302
14.25056113574902
14.25109266014305
14.251573563171698
14.252079776876412
14.252636611948686
14.253016272227589
14.25352248594477
14.254028699653622
14.254509602680331
14.254939884330371
14.255420787350083
14.255927001063425
14.256458525452057
14.25686349641946
14.257319088759537
14.25779999179426
14.258255584134162
14.258736487154271
14.2591667688057
14.259647671833351
14.260179196226986
14.26066009925199
14.261039759535574
14.26159659461296
14.2620774976411
14.262583711348093
14.263013992999149
14.263520206706769
14.264001109737112
14.264507323449584
14.264988226475658
14.26541850812893
14.265950032534384
14.266456246240772
14.2669118430618
14.268253307934282
14.26845579342416
14.269037939205937
14.269518842230378
14.269949123882503
14.270430026898064
14.270961551299234
14.27146776501018
14.27197397872117
14.272328328324143
14.272834542033982
14.273315445057907
14.273796348085739
14.274201319052647
14.27470753275875
14.27521374647506
14.275719960186096
14.276099620470125
14.27660583417142
14.277112047891345
14.277592950911856
14.278099164618709
14.278478824900128
14.278985038614623
14.279465941638483
14.279997466031249
14.280199952065036
14.283945895954773
14.28407244938963
14.284578663109265
14.284958323390603
14.285464537103714
14.285970750822216
14.28647696453106
14.286957867552113
14.2874134598883
14.28789436292078
14.28840057662841
14.288932101021862
14.289362382677602
14.289817975015337
14.290349499417605
14.29085571312671
14.291235373404504
14.291716276429367
14.292273111520888
14.292728703866542
14.293108364144553
14.293614577852274
14.294095480882563
14.294601694588094
14.295107908296979
14.295512879265326
14.295993782295676
14.296499996002817
14.297031520400806
14.297411180683756
14.297917394397631
14.298423608105907
14.298929821818447
14.299309482101899
14.299841006496317
14.300321909526453
14.300828123236272
14.301233094203821
14.301713997229564
14.30219490026615
14.302650492610834
14.303131395637086
14.303536366607235
14.304017269636224
14.304548794038583
14.305055007752339
14.30543466803739
14.305915571068788
14.306421784781984
14.30692799849346
14.307332969461706
14.307788561802623
14.308345396890669
14.30882629991868
14.309256581567398
14.309762795279422
14.310243698310487
14.310749912021794
14.311154882987502
14.31163578601458
14.311787660122192
14.314748978782804
14.314774289469373
14.315153949753793
14.315660163469197
14.31614106649847
14.316672590892358
14.317052251172784
14.317533154198637
14.318064678601715
14.31854558162968
14.318950552598242
14.31943145562176
14.319937669342554
14.320393261684462
14.320772921968736
14.321203203626778
14.321684106658399
14.322190320368527
14.32269653407788
14.323126815731149
14.323607718761552
14.324139243155024
14.324620146183342
14.324999806463508
14.32553133086775
14.326012233891268
14.326315962091272
14.326569068917184
14.326872797109774
14.327227146683006
14.3275814962306
14.327859913739339
14.328214263303229
14.328543302192438
14.328847030393286
14.329049515865306
14.329302622708207
14.32955572956112
14.329834147074829
14.330061943232451
14.330365671439372
14.330644088958035
14.330973127849639
14.33145403162206
14.334162248196852
14.335351850104372
14.335427782166384
14.335655578332288
14.335883374484604
14.336212413374744
14.336541452256899
14.33679455909666
14.337098287295143
14.33740201549436
14.337731054386389
14.337857608185443
14.339123141078113
14.339173762451145
14.339300315879393
14.339654665448375
14.339983704325237
14.340236811150772
14.34155296584906
14.341654208592091
14.34165434990209
14.341780903204052
14.34193276722012
14.34213525253105
14.34294519432409
14.34557746510604
14.350816738515089
14.351550748315853
14.351778544249152
14.35190509760333
14.352107582910264
14.352310068270295
14.353347805636512
14.357270958803939
14.364003531355735
14.37364682818224
14.38136655155359
14.39090866541425
14.395236735574633
14.403310844150111
14.414346255175696
14.425584132703591
14.435353923847924
14.448085098021826
14.459069923354184
14.469548544215495
14.476534284238001
14.484810877865865
14.495264179405504
14.505388428153404
14.514804001703089
14.521966912539675
14.531104069783137
14.539760322393244
14.555553756118954
14.574156578929031
14.592126673094672
14.60862760688605
14.632166545134467
14.648466573106962
14.665146304436147
14.684938947044364
14.705415116615898
14.7236641214301
14.74722836959396
14.770235716504166
14.791293935823107
14.804759160147547
14.814553973645795
14.834270884188431
14.842142038560059
14.850442788833828
14.858693736360516
14.864565506582158
14.873701597032476
14.881192420226851
14.892807663185504
14.904651797147787
14.912244737043112
14.912447222532183
14.912649708006784
14.9130040575863
14.91325716442708
14.913611513982904
14.91388993149398
14.914244281053653
14.914573319947621
14.914927669508401
14.915206087023465
14.91550981521505
14.915838854110024
14.91616789298261
14.916471621179422
14.916750038697295
14.917079077591133
14.917306873606774
14.917661222931939
14.91781308691312
14.917990261593362
14.918293989746587
14.918445853730608
14.918521785730322
14.919357036630064
14.920597256329867
14.92201464852535
14.92464693279018
14.926368055568155
14.92649499480805
14.937908575759375
14.94238856493215
14.943198505793212
14.94362878665785
14.944160310468463
14.94461590197002
14.94507149352415
14.945400531830153
14.945856123688262
14.94631171523087
14.947222928164912
14.948133784525295
14.957371219502702
14.967873705166747
14.978553324374653
14.987081765666597
14.997786668880412
15.00844149930444
15.01896931361496
15.027270062687537
15.037874331048569
15.044682672495393
15.057412730557644
15.067662341886097
15.08110072797992
15.092109746112362
15.105547570852956
15.11458166214339
15.125716211190499
15.13690211751687
15.151605082383147
15.1643079738615
15.174379016190466
15.186905844071113
15.199482344378703
15.214792940742704
15.232003992981694
15.257314670660731
15.282726591801458
15.307961331267427
15.328311118701338
15.353798944552153
15.37756553679781
15.398977753090922
15.419351689470082
15.433321115354381
15.44668319213068
15.461487439675292
15.47674736433617
15.48762848992168
15.50096566291241
15.519922599243026
15.542777973510994
15.562343002936599
15.585476791470471
15.60937001137332
15.633769435334543
15.653537029284674
15.678265541181734
15.703297799430683
15.728102244741262
15.748122987971566
15.773231179802076
15.798339345953709
15.82248566359437
15.846834476743515
15.86617178244248
15.890242165372984
15.914059451348658
15.93878796222517
15.958631511670461
15.983461280952902
16.008037835940886
16.030918473112294
16.049344459733483
16.072225083582612
16.093333359657244
16.109656845186066
16.123703498336255
16.14552102919247
16.168604280466745
16.193231526191376
16.213429443108932
16.239069165704237
16.264708889780362
16.290095504233985
16.310698401783227
16.33646467881603
16.362079090109063
16.3865545189715
16.410675602264796
16.430012966345917
16.454387154668968
16.479444720290857
16.504249181655947
16.524092732922295
16.548593458420893
16.573423234503277
16.598506122610534
16.618577490921766
16.643154103808858
16.66722454670337
16.69263647570032
16.713011577103185
16.738372884175483
16.76413916218538
16.789753575645367
16.809926164769184
16.834730606958093
16.86006660323692
16.88552915226768
16.911118256013896
16.93154397743177
16.95685466239049
16.981912230608742
17.00671668645916
17.026205898555826
17.049896695929732
17.07353686796402
17.09717703833395
17.116565023219067
17.141394805537846
17.166528280886443
17.18923140718529
17.20502418008042
17.223879992040654
17.246836625628006
17.268451220165467
17.284826719613363
17.30659374362882
17.33134758841287
17.357088554610897
17.382525785305887
17.402900876229147
17.428464660679094
17.453851261223054
17.479136621690717
17.49913201582897
17.52340491162115
17.547171464836094
17.570279842828555
17.588933631788112
17.61199133164643
17.634694810287264
17.657069063985098
17.674634263798453
17.695489039789944
17.713205094745177
17.726642366068166
17.73727057937627
17.751696833711
17.77470410159039
17.79447164299013
17.81469487870301
17.83175421406555
17.850509315601272
17.869517452734424
17.88834835197816
17.902344826873126
17.91965697230566
17.93598151027949
17.951268564854367
17.965568876516627
17.983615294385437
18.00259806607696
18.020087410813243
18.034919193970286
18.052382993102135
18.068657529470087
18.08736187553458
18.10244690302793
18.12211323462445
18.141779589387816
18.161648445424863
18.177999128991832
18.198677934626797
18.219584548505612
18.239402269345504
18.240820851437377
18.241503638120452
18.241706002225854
18.246033480807046
18.25354692379163
18.25820142778844
18.26526111478
18.27434411523798
18.28165492644867
18.287397919969198
18.295873735111698
18.303439536152403
18.308448027194647
18.309384492053976
18.319101368085818
18.33180558679701
18.344660693561952
18.35427809416414
18.35589797804092
18.356302949010427
18.356581366526516
18.356910405403013
18.357163512228677
18.357517861806883
18.35779627932489
18.358150628882708
18.35840373571639
18.35868215324367
18.359011192119077
18.359264298956003
18.359517405798094
18.359846444671668
18.360175483560628
18.3604792117498
18.360732318580723
18.361036046780576
18.361365085672173
18.36166881386596
18.361972542052282
18.36230158092654
18.362706551868893
18.363035590744417
18.363415250978644
18.363693668481666
18.364048018052294
18.364377056930568
18.36473140648207
18.36498451331462
18.36526293082714
18.365617280401928
18.365921008593148
18.366199426094276
18.366528464971058
18.36688281454575
18.36716123206335
18.367439649575058
18.367768688446372
18.36809772733734
18.368426766212696
18.368755805086753
18.369034222594394
18.369363261497504
18.369692300376308
18.370046649931123
18.37029975675261
18.37065410630927
18.370983145211962
18.371261562736493
18.37153998025989
18.371818397766102
18.37214743666327
18.372501786231368
18.372754893071356
18.373033310576947
18.37333703878649
18.37369138834652
18.373995116549704
18.374197602029486
18.3744253981811
18.374729126387134
18.375083475938897
18.375361893441767
18.37571624299881
18.376045281882096
18.37637432075659
18.376703359624752
18.377007087820637
18.377285505358145
18.377563922872806
18.377918272430275
