x,y
23.0,166.0
23.0,166.0
23.0,166.0
23.0,166.0
23.0,166.0
23.0,166.0
23.0,166.0
23.0,166.0
23.0,166.0
23.0,166.0
23.0,166.0
23.0,166.0
23.0,166.0
23.0,166.0
23.0,166.0
23.0,166.0
23.0,166.0
23.0,166.0
23.0,166.0
23.0,166.0
23.0,166.0
23.0,166.0
23.0,166.0
23.0,166.0
23.0,166.0
23.0,166.0
23.0,166.0
23.0,166.0
23.0,166.0
23.0,166.0
23.0,166.0
23.0,166.0
23.0,166.0
23.0,166.0
23.0,166.0
23.0,166.0
23.0,166.0
23.0,166.0
23.0,166.0
23.0,166.0
23.0,166.0
23.0,166.0
23.0,166.0
23.0,166.0
23.0,166.0
23.0,166.0
23.0,166.0
23.0,166.0
23.0,166.0
23.0,166.0
23.0,166.0
23.0,166.0
23.0,166.0
23.0,166.0
23.0,166.0
23.0,166.0
23.0,166.0
24.0,166.0
24.0,166.0
25.0,166.0
25.0,166.0
25.0,166.0
26.0,166.0
26.0,166.0
27.0,166.0
27.0,166.0
27.0,166.0
28.0,166.0
28.0,166.0
29.0,166.0
29.0,166.0
29.0,166.0
30.0,166.0
30.0,166.0
31.0,166.0
31.0,166.0
32.0,166.0
32.0,166.0
32.0,165.0
33.0,165.0
33.0,165.0
34.0,165.0
34.0,165.0
35.0,165.0
62.0,172.0
63.0,172.0
63.0,172.0
64.0,172.0
64.0,172.0
64.0,172.0
65.0,171.0
65.0,171.0
66.0,171.0
66.0,171.0
67.0,171.0
67.0,171.0
68.0,171.0
68.0,171.0
69.0,171.0
69.0,184.0
70.0,184.0
70.0,184.0
70.0,184.0
71.0,184.0
71.0,183.0
72.0,183.0
72.0,183.0
72.0,183.0
73.0,183.0
73.0,183.0
74.0,183.0
74.0,182.0
74.0,182.0
75.0,182.0
76.0,182.0
76.0,182.0
76.0,182.0
77.0,181.0
77.0,181.0
78.0,181.0
78.0,181.0
78.0,181.0
78.0,181.0
78.0,181.0
78.0,181.0
78.0,181.0
78.0,181.0
78.0,181.0
78.0,181.0
79.0,181.0
79.0,181.0
80.0,181.0
80.0,181.0
80.0,181.0
80.0,181.0
80.0,181.0
80.0,181.0
80.0,181.0
80.0,181.0
80.0,181.0
80.0,181.0
80.0,181.0
80.0,181.0
80.0,181.0
80.0,182.0
80.0,182.0
80.0,182.0
80.0,182.0
81.0,182.0
81.0,182.0
81.0,182.0
81.0,182.0
81.0,182.0
81.0,182.0
81.0,182.0
81.0,182.0
81.0,182.0
81.0,182.0
81.0,182.0
81.0,182.0
81.0,182.0
81.0,182.0
81.0,182.0
81.0,182.0
81.0,182.0
81.0,182.0
81.0,182.0
81.0,182.0
81.0,182.0
81.0,182.0
81.0,182.0
81.0,182.0
81.0,182.0
81.0,182.0
81.0,182.0
81.0,182.0
81.0,182.0
81.0,182.0
81.0,182.0
81.0,182.0
81.0,182.0
81.0,182.0
81.0,182.0
81.0,182.0
81.0,182.0
81.0,182.0
81.0,182.0
81.0,182.0
81.0,182.0
81.0,182.0
81.0,182.0
81.0,182.0
81.0,182.0
81.0,182.0
81.0,182.0
81.0,182.0
81.0,182.0
81.0,182.0
81.0,182.0
81.0,182.0
81.0,182.0
81.0,182.0
81.0,182.0
81.0,182.0
81.0,182.0
81.0,182.0
81.0,182.0
81.0,182.0
81.0,182.0
81.0,182.0
81.0,182.0
81.0,182.0
81.0,182.0
81.0,182.0
81.0,182.0
81.0,182.0
81.0,182.0
81.0,182.0
81.0,182.0
81.0,182.0
81.0,182.0
81.0,182.0
81.0,182.0
81.0,182.0
81.0,182.0
81.0,182.0
81.0,182.0
81.0,182.0
81.0,182.0
81.0,182.0
81.0,182.0
81.0,182.0
81.0,182.0
81.0,182.0
81.0,182.0
81.0,182.0
82.0,182.0
82.0,182.0
82.0,182.0
82.0,182.0
82.0,182.0
82.0,182.0
82.0,182.0
82.0,182.0
82.0,182.0
82.0,182.0
82.0,182.0
82.0,182.0
82.0,182.0
82.0,182.0
82.0,182.0
82.0,182.0
82.0,182.0
82.0,182.0
82.0,182.0
82.0,182.0
82.0,182.0
82.0,182.0
82.0,182.0
82.0,182.0
82.0,182.0
82.0,182.0
82.0,182.0
82.0,182.0
82.0,182.0
82.0,182.0
82.0,182.0
83.0,182.0
83.0,182.0
83.0,182.0
83.0,182.0
83.0,182.0
84.0,182.0
84.0,182.0
84.0,182.0
84.0,182.0
84.0,182.0
84.0,182.0
85.0,182.0
85.0,182.0
85.0,182.0
85.0,182.0
85.0,182.0
86.0,182.0
86.0,182.0
86.0,182.0
86.0,182.0
86.0,182.0
87.0,182.0
87.0,182.0
88.0,182.0
88.0,182.0
88.0,182.0
88.0,182.0
88.0,183.0
88.0,183.0
88.0,183.0
88.0,183.0
88.0,183.0
88.0,183.0
88.0,183.0
88.0,183.0
88.0,183.0
88.0,183.0
88.0,182.0
88.0,182.0
88.0,182.0
88.0,182.0
88.0,182.0
88.0,185.0
88.0,185.0
88.0,185.0
88.0,185.0
88.0,185.0
88.0,185.0
88.0,185.0
88.0,185.0
88.0,185.0
88.0,186.0
88.0,186.0
88.0,186.0
88.0,186.0
88.0,187.0
88.0,187.0
88.0,188.0
88.0,188.0
89.0,188.0
89.0,189.0
89.0,189.0
89.0,190.0
89.0,190.0
89.0,190.0
89.0,191.0
90.0,191.0
90.0,191.0
90.0,191.0
90.0,191.0
89.0,191.0
89.0,190.0
89.0,196.0
88.0,196.0
88.0,195.0
88.0,195.0
88.0,195.0
87.0,194.0
87.0,194.0
87.0,193.0
86.0,193.0
86.0,193.0
86.0,192.0
86.0,192.0
86.0,192.0
86.0,192.0
86.0,192.0
86.0,192.0
86.0,192.0
86.0,192.0
86.0,192.0
86.0,192.0
86.0,192.0
86.0,192.0
86.0,192.0
86.0,192.0
86.0,192.0
86.0,192.0
86.0,192.0
86.0,192.0
86.0,192.0
86.0,192.0
86.0,193.0
86.0,193.0
86.0,193.0
86.0,193.0
86.0,193.0
86.0,194.0
86.0,194.0
86.0,194.0
86.0,194.0
86.0,194.0
86.0,194.0
86.0,194.0
86.0,194.0
86.0,195.0
86.0,195.0
86.0,195.0
86.0,196.0
86.0,196.0
86.0,196.0
86.0,196.0
86.0,196.0
86.0,196.0
86.0,196.0
86.0,196.0
86.0,196.0
86.0,196.0
86.0,196.0
86.0,195.0
86.0,195.0
86.0,195.0
85.0,195.0
85.0,195.0
85.0,194.0
84.0,194.0
84.0,194.0
84.0,193.0
84.0,193.0
83.0,193.0
83.0,192.0
83.0,192.0
82.0,192.0
82.0,191.0
82.0,191.0
82.0,191.0
81.0,190.0
81.0,190.0
81.0,190.0
80.0,189.0
80.0,189.0
80.0,189.0
80.0,188.0
79.0,188.0
79.0,187.0
79.0,187.0
79.0,187.0
78.0,186.0
78.0,186.0
78.0,186.0
77.0,185.0
77.0,185.0
77.0,185.0
76.0,185.0
76.0,184.0
76.0,184.0
76.0,184.0
75.0,183.0
75.0,183.0
75.0,183.0
74.0,183.0
74.0,182.0
74.0,182.0
73.0,182.0
73.0,181.0
72.0,181.0
72.0,181.0
72.0,180.0
72.0,180.0
71.0,180.0
71.0,179.0
71.0,179.0
70.0,179.0
70.0,178.0
70.0,178.0
70.0,178.0
69.0,177.0
69.0,177.0
69.0,177.0
69.0,176.0
68.0,176.0
68.0,176.0
68.0,175.0
68.0,175.0
67.0,174.0
67.0,174.0
67.0,174.0
67.0,173.0
67.0,173.0
66.0,173.0
66.0,172.0
66.0,172.0
66.0,171.0
66.0,171.0
66.0,171.0
66.0,170.0
66.0,170.0
65.0,169.0
65.0,169.0
65.0,168.0
65.0,168.0
65.0,168.0
65.0,167.0
65.0,167.0
65.0,166.0
65.0,166.0
65.0,165.0
65.0,165.0
65.0,164.0
65.0,164.0
65.0,164.0
65.0,163.0
65.0,163.0
65.0,162.0
65.0,162.0
65.0,161.0
65.0,161.0
65.0,160.0
65.0,160.0
65.0,159.0
65.0,159.0
65.0,159.0
65.0,158.0
65.0,158.0
65.0,158.0
65.0,157.0
65.0,157.0
65.0,157.0
65.0,156.0
65.0,156.0
66.0,156.0
66.0,155.0
66.0,155.0
66.0,154.0
67.0,154.0
67.0,154.0
67.0,153.0
67.0,153.0
67.0,153.0
68.0,152.0
68.0,152.0
68.0,152.0
69.0,151.0
69.0,151.0
69.0,151.0
69.0,151.0
70.0,151.0
70.0,151.0
70.0,150.0
71.0,150.0
71.0,150.0
71.0,150.0
71.0,149.0
71.0,149.0
72.0,149.0
72.0,149.0
73.0,149.0
73.0,149.0
74.0,149.0
74.0,149.0
74.0,148.0
75.0,148.0
75.0,148.0
75.0,148.0
75.0,148.0
76.0,148.0
76.0,148.0
76.0,148.0
76.0,148.0
77.0,148.0
77.0,148.0
77.0,148.0
77.0,148.0
78.0,148.0
78.0,148.0
79.0,148.0
79.0,148.0
80.0,148.0
80.0,148.0
81.0,148.0
81.0,149.0
81.0,149.0
82.0,149.0
82.0,149.0
82.0,149.0
82.0,149.0
82.0,149.0
82.0,149.0
82.0,149.0
83.0,149.0
83.0,149.0
84.0,150.0
84.0,150.0
84.0,150.0
84.0,150.0
83.0,149.0
83.0,149.0
83.0,149.0
83.0,149.0
83.0,149.0
83.0,148.0
83.0,148.0
83.0,148.0
83.0,148.0
83.0,148.0
83.0,147.0
83.0,147.0
83.0,147.0
83.0,147.0
84.0,147.0
84.0,147.0
84.0,146.0
84.0,146.0
84.0,146.0
84.0,146.0
84.0,146.0
84.0,147.0
85.0,147.0
84.0,147.0
84.0,147.0
84.0,147.0
84.0,148.0
84.0,148.0
84.0,148.0
84.0,148.0
84.0,148.0
84.0,149.0
84.0,149.0
84.0,149.0
83.0,149.0
83.0,149.0
83.0,149.0
83.0,149.0
83.0,149.0
83.0,149.0
83.0,149.0
83.0,150.0
83.0,150.0
83.0,150.0
83.0,150.0
84.0,150.0
84.0,150.0
84.0,150.0
84.0,150.0
84.0,150.0
84.0,151.0
84.0,151.0
84.0,151.0
84.0,151.0
84.0,151.0
84.0,151.0
84.0,152.0
84.0,152.0
84.0,152.0
84.0,152.0
84.0,152.0
85.0,152.0
85.0,152.0
85.0,152.0
85.0,152.0
85.0,152.0
85.0,152.0
85.0,153.0
85.0,153.0
85.0,153.0
85.0,153.0
85.0,153.0
85.0,153.0
86.0,153.0
86.0,153.0
86.0,153.0
86.0,153.0
86.0,153.0
87.0,153.0
87.0,154.0
87.0,154.0
87.0,154.0
87.0,154.0
87.0,154.0
87.0,154.0
87.0,154.0
87.0,154.0
87.0,153.0
87.0,153.0
87.0,153.0
87.0,153.0
87.0,153.0
87.0,153.0
86.0,153.0
86.0,153.0
86.0,153.0
86.0,153.0
86.0,152.0
86.0,152.0
86.0,152.0
86.0,152.0
86.0,152.0
86.0,152.0
86.0,152.0
86.0,152.0
86.0,152.0
86.0,152.0
86.0,152.0
86.0,152.0
86.0,152.0
87.0,152.0
87.0,151.0
87.0,151.0
87.0,151.0
87.0,151.0
87.0,151.0
87.0,151.0
87.0,151.0
87.0,151.0
87.0,151.0
87.0,151.0
87.0,151.0
87.0,151.0
87.0,151.0
87.0,151.0
87.0,151.0
87.0,151.0
86.0,151.0
86.0,152.0
86.0,152.0
86.0,152.0
86.0,152.0
86.0,152.0
86.0,152.0
86.0,153.0
86.0,153.0
86.0,153.0
86.0,153.0
86.0,153.0
86.0,154.0
86.0,154.0
86.0,154.0
86.0,154.0
86.0,155.0
86.0,155.0
86.0,155.0
86.0,155.0
86.0,155.0
86.0,155.0
86.0,155.0
86.0,155.0
86.0,155.0
86.0,155.0
86.0,155.0
86.0,155.0
86.0,155.0
86.0,155.0
86.0,155.0
86.0,155.0
86.0,155.0
86.0,155.0
86.0,155.0
86.0,155.0
86.0,155.0
86.0,155.0
86.0,155.0
86.0,155.0
86.0,155.0
86.0,155.0
86.0,155.0
86.0,155.0
86.0,155.0
86.0,155.0
86.0,155.0
86.0,155.0
86.0,155.0
86.0,155.0
86.0,155.0
86.0,155.0
86.0,155.0
86.0,155.0
86.0,155.0
86.0,155.0
86.0,155.0
86.0,155.0
86.0,155.0
86.0,155.0
86.0,155.0
86.0,155.0
86.0,155.0
86.0,155.0
86.0,155.0
86.0,155.0
86.0,155.0
86.0,155.0
86.0,155.0
86.0,155.0
86.0,155.0
86.0,155.0
86.0,155.0
86.0,155.0
86.0,155.0
86.0,155.0
86.0,155.0
86.0,155.0
86.0,155.0
86.0,155.0
86.0,155.0
86.0,155.0
86.0,155.0
86.0,155.0
86.0,155.0
86.0,155.0
86.0,154.0
86.0,154.0
86.0,154.0
86.0,154.0
86.0,154.0
86.0,154.0
86.0,154.0
86.0,154.0
86.0,154.0
86.0,154.0
86.0,154.0
86.0,154.0
86.0,154.0
86.0,154.0
86.0,154.0
86.0,154.0
86.0,154.0
86.0,154.0
86.0,154.0
86.0,154.0
86.0,154.0
86.0,154.0
86.0,154.0
86.0,154.0
86.0,154.0
86.0,154.0
86.0,154.0
86.0,154.0
86.0,154.0
86.0,154.0
86.0,154.0
86.0,154.0
86.0,154.0
86.0,154.0
86.0,154.0
86.0,154.0
86.0,154.0
86.0,154.0
86.0,154.0
86.0,154.0
86.0,154.0
86.0,154.0
86.0,154.0
86.0,154.0
86.0,154.0
86.0,154.0
86.0,154.0
86.0,154.0
86.0,154.0
86.0,154.0
86.0,154.0
86.0,154.0
86.0,154.0
86.0,154.0
86.0,154.0
86.0,154.0
86.0,154.0
86.0,154.0
86.0,154.0
86.0,154.0
86.0,154.0
86.0,154.0
86.0,154.0
86.0,154.0
86.0,154.0
86.0,154.0
86.0,154.0
86.0,154.0
86.0,154.0
86.0,154.0
86.0,154.0
86.0,154.0
86.0,154.0
86.0,154.0
86.0,154.0
86.0,154.0
86.0,154.0
86.0,154.0
86.0,154.0
86.0,154.0
86.0,154.0
86.0,154.0
86.0,154.0
86.0,154.0
86.0,154.0
86.0,154.0
86.0,154.0
86.0,154.0
86.0,154.0
86.0,154.0
85.0,154.0
85.0,154.0
85.0,154.0
85.0,154.0
85.0,154.0
85.0,154.0
85.0,154.0
85.0,154.0
85.0,154.0
85.0,154.0
85.0,154.0
85.0,154.0
85.0,154.0
85.0,154.0
85.0,154.0
85.0,154.0
85.0,154.0
85.0,154.0
85.0,154.0
85.0,154.0
85.0,154.0
85.0,154.0
85.0,154.0
85.0,153.0
85.0,153.0
85.0,153.0
85.0,153.0
85.0,153.0
85.0,153.0
85.0,153.0
85.0,153.0
85.0,153.0
85.0,153.0
85.0,153.0
85.0,153.0
85.0,153.0
85.0,153.0
85.0,153.0
85.0,153.0
85.0,153.0
85.0,153.0
85.0,153.0
85.0,153.0
85.0,153.0
85.0,153.0
85.0,153.0
85.0,153.0
85.0,153.0
85.0,153.0
85.0,153.0
85.0,153.0
85.0,153.0
85.0,153.0
85.0,153.0
85.0,153.0
85.0,153.0
85.0,153.0
85.0,153.0
85.0,153.0
85.0,153.0
85.0,153.0
85.0,153.0
85.0,153.0
85.0,153.0
85.0,153.0
85.0,153.0
85.0,153.0
85.0,153.0
85.0,153.0
85.0,153.0
85.0,153.0
85.0,153.0
85.0,153.0
85.0,153.0
85.0,153.0
85.0,153.0
85.0,153.0
85.0,153.0
85.0,153.0
85.0,153.0
85.0,153.0
85.0,153.0
85.0,153.0
85.0,153.0
85.0,153.0
85.0,153.0
85.0,153.0
85.0,153.0
85.0,153.0
85.0,153.0
85.0,153.0
85.0,153.0
85.0,153.0
85.0,153.0
85.0,153.0
85.0,153.0
85.0,152.0
85.0,152.0
84.0,152.0
84.0,151.0
84.0,151.0
84.0,150.0
84.0,150.0
83.0,149.0
83.0,149.0
83.0,148.0
83.0,148.0
82.0,148.0
82.0,147.0
82.0,147.0
82.0,146.0
82.0,146.0
82.0,146.0
82.0,146.0
82.0,146.0
82.0,146.0
82.0,146.0
82.0,146.0
82.0,146.0
82.0,146.0
82.0,146.0
82.0,146.0
82.0,146.0
82.0,146.0
82.0,146.0
82.0,146.0
82.0,146.0
82.0,146.0
82.0,146.0
82.0,146.0
82.0,146.0
82.0,146.0
82.0,146.0
82.0,146.0
82.0,146.0
82.0,146.0
82.0,147.0
82.0,147.0
82.0,147.0
82.0,147.0
82.0,147.0
82.0,147.0
82.0,147.0
82.0,147.0
82.0,147.0
82.0,147.0
82.0,147.0
82.0,147.0
82.0,147.0
82.0,147.0
82.0,147.0
82.0,147.0
82.0,147.0
82.0,147.0
82.0,147.0
82.0,147.0
82.0,147.0
82.0,147.0
82.0,147.0
82.0,147.0
82.0,147.0
82.0,147.0
82.0,147.0
82.0,147.0
82.0,147.0
82.0,147.0
82.0,147.0
82.0,147.0
82.0,147.0
82.0,147.0
82.0,147.0
82.0,147.0
82.0,147.0
82.0,147.0
82.0,147.0
82.0,147.0
82.0,147.0
82.0,147.0
82.0,147.0
82.0,147.0
82.0,147.0
82.0,148.0
82.0,148.0
82.0,148.0
82.0,148.0
82.0,148.0
82.0,148.0
82.0,148.0
82.0,148.0
82.0,148.0
82.0,148.0
82.0,147.0
82.0,147.0
82.0,147.0
83.0,147.0
83.0,147.0
83.0,147.0
83.0,147.0
83.0,147.0
84.0,147.0
84.0,146.0
84.0,146.0
84.0,146.0
84.0,146.0
84.0,146.0
84.0,146.0
84.0,146.0
84.0,146.0
84.0,146.0
84.0,146.0
84.0,146.0
84.0,146.0
84.0,146.0
84.0,146.0
84.0,146.0
84.0,146.0
84.0,146.0
84.0,146.0
84.0,146.0
84.0,146.0
84.0,146.0
84.0,146.0
84.0,146.0
84.0,146.0
84.0,146.0
84.0,146.0
84.0,146.0
85.0,146.0
85.0,146.0
86.0,146.0
86.0,146.0
86.0,146.0
86.0,146.0
87.0,146.0
87.0,146.0
88.0,146.0
88.0,146.0
88.0,146.0
88.0,147.0
88.0,147.0
89.0,147.0
89.0,147.0
89.0,147.0
90.0,148.0
90.0,148.0
90.0,148.0
91.0,148.0
91.0,149.0
91.0,149.0
91.0,149.0
92.0,149.0
92.0,149.0
92.0,150.0
93.0,150.0
93.0,150.0
93.0,150.0
94.0,151.0
94.0,151.0
94.0,151.0
95.0,151.0
95.0,151.0
96.0,152.0
96.0,152.0
96.0,152.0
97.0,152.0
97.0,153.0
97.0,153.0
98.0,153.0
98.0,153.0
99.0,154.0
99.0,154.0
99.0,154.0
100.0,155.0
100.0,155.0
100.0,155.0
101.0,155.0
101.0,155.0
101.0,156.0
102.0,156.0
102.0,156.0
102.0,156.0
102.0,156.0
102.0,156.0
102.0,156.0
102.0,156.0
103.0,156.0
103.0,156.0
103.0,157.0
103.0,157.0
103.0,157.0
104.0,158.0
104.0,158.0
104.0,158.0
104.0,159.0
105.0,159.0
105.0,160.0
105.0,160.0
105.0,160.0
106.0,161.0
106.0,161.0
106.0,161.0
106.0,162.0
106.0,162.0
107.0,162.0
107.0,162.0
107.0,162.0
107.0,162.0
107.0,162.0
107.0,162.0
107.0,162.0
107.0,162.0
107.0,162.0
107.0,162.0
107.0,162.0
107.0,161.0
107.0,161.0
107.0,161.0
107.0,161.0
107.0,161.0
107.0,161.0
107.0,161.0
107.0,161.0
107.0,160.0
107.0,160.0
107.0,160.0
107.0,160.0
107.0,160.0
107.0,160.0
107.0,160.0
107.0,160.0
107.0,160.0
107.0,160.0
107.0,160.0
107.0,160.0
107.0,160.0
107.0,160.0
107.0,160.0
107.0,160.0
107.0,160.0
107.0,159.0
107.0,159.0
107.0,159.0
107.0,158.0
107.0,158.0
106.0,158.0
106.0,157.0
106.0,157.0
106.0,156.0
106.0,156.0
106.0,155.0
106.0,155.0
106.0,155.0
106.0,154.0
106.0,154.0
106.0,153.0
106.0,153.0
106.0,152.0
106.0,152.0
106.0,151.0
106.0,151.0
106.0,151.0
106.0,150.0
106.0,150.0
106.0,149.0
106.0,149.0
107.0,149.0
107.0,148.0
107.0,148.0
107.0,148.0
107.0,147.0
107.0,147.0
107.0,146.0
107.0,146.0
107.0,146.0
107.0,145.0
108.0,145.0
108.0,145.0
108.0,145.0
108.0,144.0
108.0,144.0
108.0,144.0
108.0,143.0
108.0,143.0
109.0,143.0
109.0,142.0
109.0,142.0
109.0,141.0
109.0,141.0
109.0,141.0
110.0,140.0
110.0,140.0
110.0,139.0
110.0,139.0
110.0,139.0
110.0,139.0
111.0,138.0
111.0,138.0
111.0,138.0
111.0,138.0
111.0,137.0
111.0,137.0
111.0,137.0
111.0,137.0
111.0,136.0
111.0,136.0
111.0,136.0
111.0,136.0
111.0,135.0
111.0,135.0
111.0,135.0
112.0,135.0
112.0,134.0
112.0,134.0
112.0,134.0
112.0,134.0
112.0,134.0
112.0,133.0
112.0,133.0
112.0,133.0
112.0,132.0
112.0,132.0
112.0,132.0
113.0,131.0
113.0,131.0
113.0,131.0
113.0,131.0
113.0,131.0
114.0,130.0
114.0,130.0
114.0,130.0
114.0,130.0
114.0,130.0
114.0,130.0
115.0,130.0
115.0,130.0
115.0,130.0
116.0,130.0
116.0,130.0
117.0,130.0
117.0,130.0
117.0,130.0
118.0,130.0
118.0,130.0
119.0,130.0
119.0,129.0
120.0,129.0
120.0,129.0
121.0,129.0
121.0,129.0
122.0,129.0
122.0,129.0
122.0,129.0
123.0,129.0
123.0,129.0
124.0,129.0
124.0,129.0
125.0,129.0
125.0,129.0
125.0,129.0
126.0,129.0
126.0,129.0
127.0,129.0
127.0,130.0
127.0,130.0
128.0,130.0
128.0,130.0
129.0,130.0
129.0,130.0
130.0,130.0
130.0,130.0
130.0,130.0
131.0,131.0
131.0,131.0
132.0,131.0
132.0,131.0
133.0,131.0
133.0,131.0
133.0,132.0
134.0,132.0
134.0,132.0
135.0,132.0
135.0,132.0
136.0,132.0
136.0,133.0
136.0,133.0
137.0,133.0
137.0,133.0
138.0,134.0
138.0,134.0
139.0,134.0
139.0,134.0
139.0,134.0
140.0,134.0
140.0,134.0
141.0,135.0
141.0,135.0
141.0,135.0
142.0,135.0
142.0,135.0
143.0,135.0
143.0,135.0
143.0,135.0
144.0,135.0
144.0,135.0
145.0,135.0
145.0,135.0
146.0,135.0
146.0,135.0
147.0,135.0
147.0,135.0
147.0,135.0
148.0,135.0
148.0,135.0
149.0,135.0
149.0,135.0
150.0,135.0
150.0,135.0
151.0,135.0
151.0,135.0
151.0,135.0
152.0,135.0
152.0,135.0
153.0,135.0
153.0,135.0
154.0,135.0
154.0,135.0
155.0,135.0
155.0,135.0
156.0,135.0
156.0,134.0
157.0,134.0
157.0,134.0
158.0,134.0
158.0,134.0
159.0,134.0
159.0,134.0
160.0,134.0
160.0,134.0
160.0,134.0
161.0,134.0
161.0,134.0
162.0,134.0
162.0,134.0
162.0,134.0
163.0,134.0
163.0,133.0
164.0,133.0
164.0,133.0
165.0,133.0
165.0,133.0
165.0,133.0
166.0,133.0
166.0,133.0
166.0,133.0
167.0,133.0
167.0,134.0
167.0,134.0
168.0,134.0
168.0,134.0
168.0,147.0
169.0,147.0
169.0,147.0
169.0,147.0
169.0,147.0
169.0,147.0
169.0,147.0
169.0,147.0
169.0,147.0
169.0,147.0
169.0,147.0
169.0,147.0
169.0,147.0
169.0,147.0
169.0,147.0
169.0,147.0
169.0,147.0
169.0,147.0
169.0,147.0
169.0,147.0
169.0,147.0
169.0,147.0
169.0,147.0
169.0,147.0
169.0,147.0
169.0,147.0
169.0,147.0
169.0,147.0
169.0,147.0
169.0,147.0
169.0,147.0
169.0,147.0
169.0,147.0
169.0,147.0
169.0,147.0
169.0,147.0
169.0,147.0
169.0,147.0
169.0,147.0
169.0,147.0
169.0,147.0
169.0,147.0
169.0,147.0
169.0,147.0
169.0,147.0
169.0,147.0
169.0,147.0
169.0,147.0
169.0,147.0
169.0,147.0
169.0,147.0
169.0,147.0
169.0,147.0
169.0,147.0
169.0,147.0
169.0,147.0
169.0,147.0
169.0,147.0
169.0,147.0
169.0,147.0
169.0,147.0
169.0,147.0
169.0,147.0
169.0,147.0
169.0,147.0
169.0,147.0
169.0,147.0
169.0,147.0
169.0,147.0
169.0,147.0
169.0,147.0
169.0,147.0
169.0,147.0
169.0,147.0
169.0,147.0
169.0,147.0
169.0,147.0
169.0,147.0
169.0,147.0
169.0,147.0
169.0,147.0
169.0,147.0
169.0,147.0
169.0,147.0
169.0,147.0
169.0,147.0
169.0,147.0
169.0,147.0
169.0,147.0
169.0,147.0
169.0,147.0
169.0,147.0
169.0,147.0
169.0,147.0
169.0,147.0
169.0,147.0
169.0,147.0
169.0,147.0
169.0,147.0
169.0,147.0
169.0,147.0
169.0,147.0
169.0,147.0
169.0,147.0
169.0,147.0
169.0,147.0
169.0,147.0
169.0,147.0
169.0,147.0
169.0,147.0
169.0,147.0
169.0,147.0
169.0,147.0
169.0,147.0
169.0,147.0
169.0,147.0
169.0,147.0
169.0,147.0
169.0,147.0
169.0,147.0
169.0,147.0
169.0,147.0
169.0,147.0
169.0,147.0
169.0,147.0
169.0,147.0
169.0,147.0
169.0,147.0
169.0,147.0
169.0,147.0
169.0,147.0
169.0,147.0
169.0,147.0
169.0,147.0
169.0,147.0
169.0,147.0
168.0,147.0
168.0,147.0
168.0,147.0
168.0,147.0
168.0,147.0
168.0,147.0
168.0,147.0
168.0,147.0
168.0,147.0
168.0,147.0
168.0,147.0
168.0,147.0
168.0,147.0
168.0,147.0
168.0,147.0
168.0,147.0
168.0,147.0
168.0,147.0
168.0,147.0
168.0,147.0
168.0,147.0
168.0,147.0
168.0,147.0
168.0,147.0
168.0,147.0
168.0,147.0
168.0,147.0
168.0,147.0
168.0,147.0
168.0,147.0
168.0,147.0
168.0,147.0
168.0,147.0
168.0,147.0
168.0,147.0
168.0,147.0
168.0,147.0
168.0,147.0
168.0,147.0
168.0,147.0
168.0,147.0
168.0,147.0
168.0,147.0
168.0,147.0
168.0,147.0
168.0,147.0
168.0,147.0
168.0,147.0
168.0,147.0
168.0,147.0
168.0,147.0
168.0,147.0
168.0,147.0
168.0,147.0
168.0,147.0
168.0,147.0
168.0,147.0
168.0,147.0
168.0,147.0
168.0,147.0
168.0,147.0
168.0,146.0
168.0,146.0
168.0,146.0
168.0,146.0
168.0,146.0
168.0,146.0
168.0,146.0
168.0,146.0
168.0,146.0
168.0,146.0
168.0,146.0
168.0,146.0
168.0,146.0
168.0,146.0
168.0,146.0
168.0,146.0
168.0,146.0
168.0,146.0
168.0,146.0
168.0,146.0
168.0,146.0
168.0,146.0
168.0,146.0
168.0,146.0
168.0,146.0
168.0,146.0
168.0,146.0
168.0,146.0
168.0,146.0
168.0,146.0
168.0,146.0
168.0,146.0
168.0,146.0
168.0,146.0
168.0,146.0
168.0,146.0
168.0,146.0
168.0,146.0
168.0,146.0
168.0,146.0
168.0,146.0
168.0,146.0
168.0,146.0
168.0,146.0
168.0,146.0
168.0,146.0
168.0,146.0
168.0,146.0
168.0,146.0
168.0,146.0
168.0,146.0
168.0,146.0
168.0,146.0
168.0,146.0
168.0,146.0
168.0,146.0
168.0,146.0
168.0,146.0
168.0,146.0
168.0,146.0
168.0,146.0
168.0,146.0
168.0,146.0
168.0,146.0
168.0,146.0
168.0,146.0
168.0,146.0
168.0,146.0
168.0,146.0
168.0,146.0
168.0,146.0
167.0,146.0
167.0,146.0
167.0,146.0
167.0,146.0
167.0,146.0
167.0,146.0
167.0,146.0
167.0,146.0
167.0,146.0
167.0,146.0
167.0,146.0
167.0,146.0
167.0,146.0
167.0,146.0
167.0,146.0
167.0,146.0
167.0,146.0
167.0,146.0
167.0,146.0
167.0,146.0
167.0,146.0
167.0,146.0
167.0,146.0
167.0,146.0
167.0,146.0
167.0,146.0
167.0,146.0
167.0,146.0
167.0,146.0
167.0,146.0
167.0,146.0
167.0,146.0
167.0,146.0
167.0,146.0
167.0,146.0
167.0,146.0
167.0,146.0
167.0,146.0
167.0,146.0
167.0,146.0
167.0,146.0
167.0,146.0
167.0,146.0
167.0,146.0
167.0,146.0
167.0,146.0
167.0,146.0
167.0,146.0
167.0,146.0
167.0,146.0
167.0,146.0
167.0,146.0
167.0,146.0
167.0,146.0
167.0,146.0
167.0,146.0
167.0,146.0
167.0,146.0
167.0,146.0
167.0,146.0
167.0,146.0
167.0,146.0
167.0,146.0
167.0,146.0
167.0,146.0
167.0,146.0
167.0,146.0
167.0,146.0
167.0,146.0
167.0,146.0
167.0,146.0
167.0,146.0
167.0,146.0
167.0,146.0
167.0,146.0
167.0,146.0
167.0,146.0
167.0,146.0
167.0,146.0
167.0,146.0
167.0,146.0
167.0,146.0
167.0,146.0
167.0,146.0
167.0,146.0
167.0,146.0
167.0,146.0
167.0,146.0
167.0,146.0
167.0,146.0
167.0,146.0
167.0,146.0
167.0,146.0
167.0,146.0
167.0,146.0
167.0,146.0
167.0,146.0
167.0,146.0
167.0,146.0
167.0,146.0
167.0,146.0
167.0,146.0
167.0,146.0
167.0,146.0
167.0,146.0
167.0,146.0
167.0,146.0
167.0,146.0
167.0,146.0
167.0,146.0
167.0,146.0
167.0,146.0
167.0,146.0
167.0,146.0
167.0,146.0
167.0,146.0
167.0,146.0
167.0,146.0
167.0,146.0
167.0,146.0
167.0,146.0
167.0,146.0
167.0,146.0
167.0,146.0
167.0,146.0
167.0,146.0
167.0,146.0
167.0,146.0
167.0,146.0
167.0,146.0
167.0,146.0
167.0,146.0
167.0,146.0
167.0,146.0
167.0,146.0
167.0,146.0
166.0,146.0
166.0,146.0
166.0,146.0
166.0,146.0
166.0,146.0
166.0,146.0
166.0,146.0
166.0,146.0
166.0,146.0
166.0,146.0
166.0,146.0
166.0,146.0
166.0,146.0
166.0,146.0
166.0,146.0
166.0,146.0
166.0,146.0
166.0,146.0
166.0,146.0
166.0,146.0
166.0,146.0
166.0,146.0
166.0,146.0
166.0,146.0
166.0,146.0
166.0,146.0
166.0,146.0
166.0,146.0
166.0,146.0
166.0,146.0
166.0,146.0
166.0,146.0
166.0,146.0
166.0,146.0
166.0,146.0
166.0,146.0
166.0,146.0
166.0,146.0
166.0,146.0
166.0,146.0
166.0,146.0
166.0,146.0
166.0,146.0
166.0,146.0
166.0,146.0
166.0,146.0
166.0,146.0
166.0,146.0
166.0,146.0
166.0,146.0
166.0,146.0
166.0,146.0
166.0,146.0
166.0,146.0
166.0,146.0
166.0,146.0
166.0,146.0
166.0,146.0
166.0,146.0
166.0,146.0
166.0,146.0
166.0,146.0
166.0,146.0
166.0,146.0
166.0,146.0
166.0,146.0
166.0,146.0
166.0,146.0
166.0,146.0
166.0,146.0
166.0,146.0
166.0,146.0
166.0,146.0
166.0,146.0
166.0,146.0
166.0,146.0
166.0,146.0
166.0,146.0
166.0,146.0
166.0,146.0
166.0,146.0
166.0,146.0
166.0,146.0
166.0,146.0
166.0,146.0
166.0,146.0
166.0,146.0
166.0,146.0
166.0,146.0
166.0,146.0
166.0,146.0
166.0,146.0
166.0,146.0
166.0,146.0
166.0,146.0
166.0,146.0
166.0,146.0
166.0,146.0
166.0,146.0
166.0,146.0
166.0,146.0
167.0,146.0
167.0,146.0
167.0,146.0
167.0,146.0
167.0,146.0
167.0,146.0
168.0,146.0
168.0,146.0
168.0,146.0
168.0,146.0
168.0,147.0
169.0,147.0
169.0,147.0
169.0,147.0
169.0,147.0
169.0,147.0
169.0,147.0
170.0,147.0
170.0,147.0
170.0,147.0
170.0,152.0
171.0,152.0
171.0,152.0
171.0,152.0
172.0,153.0
172.0,153.0
172.0,153.0
173.0,153.0
173.0,153.0
173.0,153.0
174.0,153.0
174.0,153.0
175.0,153.0
175.0,153.0
175.0,153.0
176.0,154.0
176.0,154.0
176.0,154.0
176.0,154.0
176.0,154.0
176.0,154.0
176.0,154.0
177.0,154.0
177.0,154.0
177.0,154.0
177.0,154.0
177.0,154.0
177.0,154.0
177.0,154.0
177.0,154.0
177.0,185.0
177.0,185.0
177.0,185.0
177.0,185.0
177.0,185.0
177.0,185.0
177.0,185.0
177.0,185.0
177.0,185.0
177.0,185.0
177.0,185.0
177.0,185.0
177.0,185.0
177.0,185.0
177.0,185.0
177.0,185.0
177.0,185.0
177.0,185.0
177.0,185.0
177.0,185.0
177.0,185.0
177.0,185.0
177.0,185.0
177.0,185.0
177.0,185.0
177.0,186.0
177.0,186.0
177.0,186.0
177.0,186.0
177.0,186.0
177.0,186.0
177.0,186.0
177.0,186.0
177.0,186.0
177.0,186.0
177.0,186.0
177.0,185.0
177.0,185.0
177.0,185.0
177.0,185.0
177.0,185.0
177.0,184.0
177.0,184.0
177.0,184.0
177.0,184.0
177.0,184.0
177.0,184.0
177.0,185.0
177.0,185.0
177.0,185.0
177.0,185.0
177.0,185.0
177.0,186.0
177.0,186.0
178.0,186.0
178.0,186.0
178.0,186.0
178.0,186.0
178.0,186.0
179.0,187.0
179.0,190.0
179.0,190.0
180.0,190.0
180.0,190.0
181.0,190.0
181.0,191.0
182.0,191.0
182.0,191.0
182.0,191.0
183.0,191.0
183.0,191.0
183.0,191.0
184.0,191.0
184.0,191.0
184.0,191.0
184.0,192.0
185.0,192.0
185.0,192.0
186.0,192.0
186.0,191.0
187.0,191.0
187.0,191.0
187.0,191.0
188.0,191.0
188.0,191.0
189.0,191.0
189.0,190.0
190.0,190.0
190.0,190.0
191.0,190.0
191.0,198.0
191.0,198.0
192.0,198.0
192.0,198.0
193.0,198.0
193.0,197.0
194.0,197.0
194.0,197.0
194.0,197.0
195.0,197.0
195.0,196.0
195.0,196.0
196.0,196.0
196.0,196.0
196.0,196.0
197.0,261.0
197.0,260.0
197.0,260.0
198.0,260.0
198.0,259.0
199.0,259.0
199.0,259.0
199.0,259.0
200.0,258.0
200.0,258.0
200.0,258.0
201.0,257.0
201.0,257.0
202.0,257.0
202.0,257.0
202.0,256.0
203.0,256.0
203.0,256.0
203.0,255.0
204.0,255.0
204.0,255.0
205.0,254.0
205.0,254.0
205.0,254.0
206.0,254.0
206.0,253.0
206.0,253.0
207.0,253.0
207.0,252.0
208.0,252.0
208.0,254.0
208.0,254.0
209.0,254.0
209.0,253.0
210.0,253.0
210.0,253.0
210.0,253.0
211.0,252.0
211.0,252.0
211.0,252.0
212.0,251.0
212.0,251.0
213.0,251.0
213.0,251.0
213.0,250.0
213.0,250.0
214.0,250.0
214.0,250.0
214.0,249.0
215.0,249.0
215.0,248.0
215.0,248.0
215.0,248.0
216.0,247.0
216.0,247.0
216.0,247.0
217.0,246.0
217.0,246.0
217.0,246.0
218.0,245.0
218.0,245.0
218.0,245.0
218.0,244.0
219.0,244.0
219.0,244.0
219.0,243.0
219.0,243.0
219.0,243.0
219.0,242.0
219.0,242.0
220.0,242.0
220.0,241.0
220.0,241.0
220.0,241.0
220.0,240.0
220.0,240.0
220.0,239.0
220.0,239.0
220.0,239.0
220.0,239.0
220.0,238.0
220.0,238.0
220.0,238.0
220.0,237.0
220.0,237.0
220.0,237.0
220.0,236.0
220.0,236.0
220.0,236.0
220.0,235.0
220.0,235.0
220.0,234.0
220.0,234.0
220.0,234.0
219.0,233.0
219.0,233.0
219.0,233.0
219.0,232.0
219.0,233.0
219.0,233.0
219.0,233.0
219.0,233.0
219.0,233.0
219.0,233.0
219.0,233.0
219.0,233.0
219.0,233.0
219.0,233.0
218.0,233.0
218.0,233.0
218.0,233.0
218.0,233.0
218.0,233.0
218.0,233.0
217.0,233.0
217.0,233.0
217.0,233.0
217.0,233.0
217.0,233.0
217.0,233.0
217.0,233.0
217.0,233.0
217.0,233.0
217.0,233.0
217.0,233.0
217.0,233.0
217.0,233.0
217.0,233.0
217.0,233.0
217.0,233.0
217.0,233.0
217.0,233.0
217.0,233.0
217.0,233.0
217.0,233.0
217.0,233.0
217.0,233.0
217.0,233.0
217.0,233.0
217.0,233.0
217.0,233.0
217.0,233.0
217.0,233.0
217.0,233.0
217.0,233.0
217.0,233.0
217.0,233.0
217.0,233.0
217.0,233.0
217.0,233.0
217.0,233.0
217.0,233.0
217.0,233.0
217.0,233.0
217.0,233.0
217.0,233.0
217.0,233.0
217.0,233.0
217.0,233.0
217.0,233.0
217.0,233.0
217.0,233.0
217.0,233.0
217.0,233.0
217.0,233.0
217.0,233.0
217.0,233.0
217.0,233.0
217.0,233.0
217.0,233.0
217.0,233.0
217.0,233.0
217.0,233.0
217.0,233.0
217.0,233.0
217.0,233.0
217.0,233.0
217.0,233.0
217.0,233.0
217.0,233.0
217.0,233.0
217.0,233.0
217.0,233.0
217.0,233.0
217.0,233.0
217.0,233.0
217.0,233.0
