0.06485911749069644
0.06485911749069644
0.06485911749069644
0.06485911749069644
0.06485911749069644
0.06485911749069644
0.06485911749069644
0.06485911749069644
0.06485911749069644
0.06485911749069644
0.06485911749069644
0.06485911749069644
0.06485911749069644
0.06485911749069644
0.06485911749069644
0.06485911749069644
0.06485911749069644
0.06485911749069644
0.06485911749069644
0.06485911749069644
0.06485911749069644
0.06485911749069644
0.06485911749069644
0.06485911749069644
0.06485911749069644
0.06485911749069644
0.06485911749069644
0.06485911749069644
0.06485911749069644
0.06485911749069644
0.06485911749069644
0.06485911749069644
0.06485911749069644
0.06485911749069644
0.06485911749069644
0.06485911749069644
0.06485911749069644
0.06485911749069644
0.06485911749069644
0.06485911749069644
0.06485911749069644
0.06485911749069644
0.06485911749069644
0.06485911749069644
0.06485911749069644
0.06485911749069644
0.06485911749069644
0.06485911749069644
0.06485911749069644
0.06485911749069644
0.06485911749069644
0.06485911749069644
0.06485911749069644
0.06485911749069644
0.06485911749069644
0.06485911749069644
0.06485911749069644
0.06485911749069644
0.06485911749069644
0.06485911749069644
0.06485911749069644
0.06485911749069644
0.06485911749069644
0.06485911749069644
0.06485911749069644
0.06485911749069644
0.06485911749069644
0.06485911749069644
0.06485911749069644
0.06485911749069644
0.06485911749069644
0.06485911749069644
0.06485911749069644
0.06485911749069644
0.06485911749069644
0.06485911749069644
0.06485911749069644
0.06485911749069644
0.06485911749069644
0.06485911749069644
0.06485911749069644
0.06485911749069644
0.06485911749069644
0.06485911749069644
0.20786815523657629
0.20786815523657629
0.20786815523657629
0.20786815523657629
0.20786815523657629
0.20786815523657629
0.20786815523657629
0.20786815523657629
0.20786815523657629
0.20786815523657629
0.20786815523657629
0.20786815523657629
0.20786815523657629
0.20786815523657629
0.20786815523657629
0.5873471557682084
0.5873471557682084
0.5873471557682084
0.5873471557682084
0.5873471557682084
0.5873471557682084
0.5873471557682084
0.5873471557682084
0.5873471557682084
0.5873471557682084
0.5873471557682084
0.5873471557682084
0.5873471557682084
0.5873471557682084
0.5873471557682084
0.7494949494949495
0.7494949494949495
0.7494949494949495
0.7494949494949495
0.7494949494949495
0.7494949494949495
0.7494949494949495
0.7494949494949495
0.7494949494949495
0.7494949494949495
0.7494949494949495
0.7494949494949495
0.7494949494949495
0.7494949494949495
0.7494949494949495
0.9133439659755449
0.9133439659755449
0.9133439659755449
0.9133439659755449
0.9133439659755449
0.9133439659755449
0.9133439659755449
0.9133439659755449
0.9133439659755449
0.9133439659755449
0.9133439659755449
0.9133439659755449
0.9133439659755449
0.9133439659755449
0.9133439659755449
1.0711323763955343
1.0711323763955343
1.0711323763955343
1.0711323763955343
1.0711323763955343
1.0711323763955343
1.0711323763955343
1.0711323763955343
1.0711323763955343
1.0711323763955343
1.0711323763955343
1.0711323763955343
1.0711323763955343
1.0711323763955343
1.0711323763955343
1.0711323763955343
1.0711323763955343
1.0711323763955343
1.0711323763955343
1.0711323763955343
1.0711323763955343
1.0711323763955343
1.0711323763955343
1.0711323763955343
1.0711323763955343
1.0711323763955343
1.0711323763955343
1.0711323763955343
1.0711323763955343
1.0711323763955343
1.0711323763955343
1.0711323763955343
1.0711323763955343
1.0711323763955343
1.0711323763955343
1.0711323763955343
1.0711323763955343
1.0711323763955343
1.0711323763955343
1.0711323763955343
1.0711323763955343
1.0711323763955343
1.0711323763955343
1.0711323763955343
1.0711323763955343
1.0711323763955343
1.0711323763955343
1.0711323763955343
1.0711323763955343
1.0711323763955343
1.0711323763955343
1.0711323763955343
1.0711323763955343
1.0711323763955343
1.0711323763955343
1.0711323763955343
1.0711323763955343
1.0711323763955343
1.0711323763955343
1.0711323763955343
1.0711323763955343
1.0711323763955343
1.0711323763955343
1.0711323763955343
1.0711323763955343
1.0711323763955343
1.0711323763955343
1.0711323763955343
1.0711323763955343
1.0711323763955343
1.0711323763955343
1.0711323763955343
1.0711323763955343
1.0711323763955343
1.0711323763955343
1.0711323763955343
1.0711323763955343
1.0711323763955343
1.0711323763955343
1.0711323763955343
1.0711323763955343
1.0711323763955343
1.0711323763955343
1.0711323763955343
1.0711323763955343
1.0711323763955343
1.0711323763955343
1.0711323763955343
1.0711323763955343
1.0711323763955343
1.0711323763955343
1.0711323763955343
1.0711323763955343
1.0711323763955343
1.0711323763955343
1.0711323763955343
1.0711323763955343
1.0711323763955343
1.0711323763955343
1.0711323763955343
1.0711323763955343
1.0711323763955343
1.0711323763955343
1.0711323763955343
1.0711323763955343
1.0711323763955343
1.0711323763955343
1.0711323763955343
1.0711323763955343
1.0711323763955343
1.0711323763955343
1.0711323763955343
1.0711323763955343
1.0711323763955343
1.0711323763955343
1.0711323763955343
1.0711323763955343
1.0711323763955343
1.0711323763955343
1.0711323763955343
1.0711323763955343
1.0711323763955343
1.0711323763955343
1.0711323763955343
1.0711323763955343
1.0711323763955343
1.0711323763955343
1.0711323763955343
1.0711323763955343
1.0711323763955343
1.0711323763955343
1.0711323763955343
1.0711323763955343
1.0711323763955343
1.0711323763955343
1.2294524189261031
1.2294524189261031
1.2294524189261031
1.2294524189261031
1.2294524189261031
1.2294524189261031
1.2294524189261031
1.2294524189261031
1.2294524189261031
1.2294524189261031
1.2294524189261031
1.2294524189261031
1.2294524189261031
1.2294524189261031
1.2294524189261031
1.472620946305157
1.472620946305157
1.472620946305157
1.472620946305157
1.472620946305157
1.472620946305157
1.472620946305157
1.472620946305157
1.472620946305157
1.472620946305157
1.472620946305157
1.472620946305157
1.472620946305157
1.472620946305157
1.472620946305157
1.5879851143009038
1.5879851143009038
1.5879851143009038
1.5879851143009038
1.5879851143009038
1.5879851143009038
1.5879851143009038
1.5879851143009038
1.5879851143009038
1.5879851143009038
1.5879851143009038
1.5879851143009038
1.5879851143009038
1.5879851143009038
1.5879851143009038
1.6934609250398724
1.6934609250398724
1.6934609250398724
1.6934609250398724
1.6934609250398724
1.6934609250398724
1.6934609250398724
1.6934609250398724
1.6934609250398724
1.6934609250398724
1.6934609250398724
1.6934609250398724
1.6934609250398724
1.6934609250398724
1.6934609250398724
1.7707602339181288
1.7707602339181288
1.7707602339181288
1.7707602339181288
1.7707602339181288
1.7707602339181288
1.7707602339181288
1.7707602339181288
1.7707602339181288
1.7707602339181288
1.7707602339181288
1.7707602339181288
1.7707602339181288
1.7707602339181288
1.7707602339181288
1.8296650717703349
1.8296650717703349
1.8296650717703349
1.8296650717703349
1.8296650717703349
1.8296650717703349
1.8296650717703349
1.8296650717703349
1.8296650717703349
1.8296650717703349
1.8296650717703349
1.8296650717703349
1.8296650717703349
1.8296650717703349
1.8296650717703349
1.8296650717703349
1.8296650717703349
1.8296650717703349
1.8296650717703349
1.8296650717703349
1.8296650717703349
1.8296650717703349
1.8296650717703349
1.8296650717703349
1.8296650717703349
1.8296650717703349
1.8296650717703349
1.8296650717703349
1.8296650717703349
1.8296650717703349
1.8848484848484848
1.8848484848484848
1.8848484848484848
1.8848484848484848
1.8848484848484848
1.8848484848484848
1.8848484848484848
1.8848484848484848
1.8848484848484848
1.8848484848484848
1.8848484848484848
1.8848484848484848
1.8848484848484848
1.8848484848484848
1.8848484848484848
1.8848484848484848
1.8848484848484848
1.8848484848484848
1.8848484848484848
1.8848484848484848
1.8848484848484848
1.8848484848484848
1.8848484848484848
1.8848484848484848
1.8848484848484848
1.8848484848484848
1.8848484848484848
1.8848484848484848
1.8848484848484848
1.8848484848484848
1.9391812865497076
1.9391812865497076
1.9391812865497076
1.9391812865497076
1.9391812865497076
1.9391812865497076
1.9391812865497076
1.9391812865497076
1.9391812865497076
1.9391812865497076
1.9391812865497076
1.9391812865497076
1.9391812865497076
1.9391812865497076
1.9391812865497076
2.011057947900053
2.011057947900053
2.011057947900053
2.011057947900053
2.011057947900053
2.011057947900053
2.011057947900053
2.011057947900053
2.011057947900053
2.011057947900053
2.011057947900053
2.011057947900053
2.011057947900053
2.011057947900053
2.011057947900053
2.0893141945773523
2.0893141945773523
2.0893141945773523
2.0893141945773523
2.0893141945773523
2.0893141945773523
2.0893141945773523
2.0893141945773523
2.0893141945773523
2.0893141945773523
2.0893141945773523
2.0893141945773523
2.0893141945773523
2.0893141945773523
2.0893141945773523
2.0893141945773523
2.0893141945773523
2.0893141945773523
2.0893141945773523
2.0893141945773523
2.0893141945773523
2.0893141945773523
2.0893141945773523
2.0893141945773523
2.0893141945773523
2.0893141945773523
2.0893141945773523
2.0893141945773523
2.0893141945773523
2.0893141945773523
2.0893141945773523
2.0893141945773523
2.0893141945773523
2.0893141945773523
2.0893141945773523
2.0893141945773523
2.0893141945773523
2.0893141945773523
2.0893141945773523
2.0893141945773523
2.0893141945773523
2.0893141945773523
2.0893141945773523
2.0893141945773523
2.0893141945773523
2.167570441254652
2.167570441254652
2.167570441254652
2.167570441254652
2.167570441254652
2.167570441254652
2.167570441254652
2.167570441254652
2.167570441254652
2.167570441254652
2.167570441254652
2.167570441254652
2.167570441254652
2.167570441254652
2.167570441254652
2.1905369484316854
2.1905369484316854
2.1905369484316854
2.1905369484316854
2.1905369484316854
2.1905369484316854
2.1905369484316854
2.1905369484316854
2.1905369484316854
2.1905369484316854
2.1905369484316854
2.1905369484316854
2.1905369484316854
2.1905369484316854
2.1905369484316854
2.269750132908028
2.269750132908028
2.269750132908028
2.269750132908028
2.269750132908028
2.269750132908028
2.269750132908028
2.269750132908028
2.269750132908028
2.269750132908028
2.269750132908028
2.269750132908028
2.269750132908028
2.269750132908028
2.269750132908028
2.269750132908028
2.269750132908028
2.269750132908028
2.269750132908028
2.269750132908028
2.269750132908028
2.269750132908028
2.269750132908028
2.269750132908028
2.269750132908028
2.269750132908028
2.269750132908028
2.269750132908028
2.269750132908028
2.269750132908028
2.3057947900053164
2.3057947900053164
2.3057947900053164
2.3057947900053164
2.3057947900053164
2.3057947900053164
2.3057947900053164
2.3057947900053164
2.3057947900053164
2.3057947900053164
2.3057947900053164
2.3057947900053164
2.3057947900053164
2.3057947900053164
2.3057947900053164
2.3598086124401916
2.3598086124401916
2.3598086124401916
2.3598086124401916
2.3598086124401916
2.3598086124401916
2.3598086124401916
2.3598086124401916
2.3598086124401916
2.3598086124401916
2.3598086124401916
2.3598086124401916
2.3598086124401916
2.3598086124401916
2.3598086124401916
2.4119085592769802
2.4119085592769802
2.4119085592769802
2.4119085592769802
2.4119085592769802
2.4119085592769802
2.4119085592769802
2.4119085592769802
2.4119085592769802
2.4119085592769802
2.4119085592769802
2.4119085592769802
2.4119085592769802
2.4119085592769802
2.4119085592769802
2.473471557682084
2.473471557682084
2.473471557682084
2.473471557682084
2.473471557682084
2.473471557682084
2.473471557682084
2.473471557682084
2.473471557682084
2.473471557682084
2.473471557682084
2.473471557682084
2.473471557682084
2.473471557682084
2.473471557682084
2.473471557682084
2.473471557682084
2.473471557682084
2.473471557682084
2.473471557682084
2.473471557682084
2.473471557682084
2.473471557682084
2.473471557682084
2.473471557682084
2.473471557682084
2.473471557682084
2.473471557682084
2.473471557682084
2.473471557682084
2.5483253588516748
2.5483253588516748
2.5483253588516748
2.5483253588516748
2.5483253588516748
2.5483253588516748
2.5483253588516748
2.5483253588516748
2.5483253588516748
2.5483253588516748
2.5483253588516748
2.5483253588516748
2.5483253588516748
2.5483253588516748
2.5483253588516748
2.5483253588516748
2.5483253588516748
2.5483253588516748
2.5483253588516748
2.5483253588516748
2.5483253588516748
2.5483253588516748
2.5483253588516748
2.5483253588516748
2.5483253588516748
2.5483253588516748
2.5483253588516748
2.5483253588516748
2.5483253588516748
2.5483253588516748
2.6114832535885166
2.6114832535885166
2.6114832535885166
2.6114832535885166
2.6114832535885166
2.6114832535885166
2.6114832535885166
2.6114832535885166
2.6114832535885166
2.6114832535885166
2.6114832535885166
2.6114832535885166
2.6114832535885166
2.6114832535885166
2.6114832535885166
2.6114832535885166
2.6114832535885166
2.6114832535885166
2.6114832535885166
2.6114832535885166
2.6114832535885166
2.6114832535885166
2.6114832535885166
2.6114832535885166
2.6114832535885166
2.6114832535885166
2.6114832535885166
2.6114832535885166
2.6114832535885166
2.6114832535885166
2.683466241360978
2.683466241360978
2.683466241360978
2.683466241360978
2.683466241360978
2.683466241360978
2.683466241360978
2.683466241360978
2.683466241360978
2.683466241360978
2.683466241360978
2.683466241360978
2.683466241360978
2.683466241360978
2.683466241360978
2.683466241360978
2.683466241360978
2.683466241360978
2.683466241360978
2.683466241360978
2.683466241360978
2.683466241360978
2.683466241360978
2.683466241360978
2.683466241360978
2.683466241360978
2.683466241360978
2.683466241360978
2.683466241360978
2.683466241360978
2.741733120680489
2.741733120680489
2.741733120680489
2.741733120680489
2.741733120680489
2.741733120680489
2.741733120680489
2.741733120680489
2.741733120680489
2.741733120680489
2.741733120680489
2.741733120680489
2.741733120680489
2.741733120680489
2.741733120680489
2.741733120680489
2.741733120680489
2.741733120680489
2.741733120680489
2.741733120680489
2.741733120680489
2.741733120680489
2.741733120680489
2.741733120680489
2.741733120680489
2.741733120680489
2.741733120680489
2.741733120680489
2.741733120680489
2.741733120680489
2.741733120680489
2.741733120680489
2.741733120680489
2.741733120680489
2.741733120680489
2.741733120680489
2.741733120680489
2.741733120680489
2.741733120680489
2.741733120680489
2.741733120680489
2.741733120680489
2.741733120680489
2.741733120680489
2.741733120680489
2.741733120680489
2.741733120680489
2.741733120680489
2.741733120680489
2.741733120680489
2.741733120680489
2.741733120680489
2.741733120680489
2.741733120680489
2.741733120680489
2.741733120680489
2.741733120680489
2.741733120680489
2.741733120680489
2.741733120680489
2.741733120680489
2.741733120680489
2.741733120680489
2.741733120680489
2.741733120680489
2.741733120680489
2.741733120680489
2.741733120680489
2.741733120680489
2.741733120680489
2.741733120680489
2.741733120680489
2.741733120680489
2.741733120680489
2.741733120680489
2.741733120680489
2.741733120680489
2.741733120680489
2.741733120680489
2.741733120680489
2.741733120680489
2.741733120680489
2.741733120680489
2.741733120680489
2.741733120680489
2.741733120680489
2.741733120680489
2.741733120680489
2.741733120680489
2.741733120680489
2.741733120680489
2.741733120680489
2.741733120680489
2.741733120680489
2.741733120680489
2.741733120680489
2.741733120680489
2.741733120680489
2.741733120680489
2.741733120680489
2.741733120680489
2.741733120680489
2.741733120680489
2.741733120680489
2.741733120680489
2.741733120680489
2.741733120680489
2.741733120680489
2.741733120680489
2.741733120680489
2.741733120680489
2.741733120680489
2.741733120680489
2.741733120680489
2.741733120680489
2.741733120680489
2.741733120680489
2.741733120680489
2.741733120680489
2.741733120680489
2.741733120680489
2.741733120680489
2.741733120680489
2.741733120680489
2.741733120680489
2.741733120680489
2.741733120680489
2.741733120680489
2.741733120680489
2.741733120680489
2.741733120680489
2.741733120680489
2.741733120680489
2.741733120680489
2.741733120680489
2.741733120680489
2.741733120680489
2.741733120680489
2.741733120680489
2.741733120680489
2.741733120680489
2.741733120680489
2.741733120680489
2.741733120680489
2.741733120680489
2.741733120680489
2.741733120680489
2.741733120680489
2.741733120680489
2.741733120680489
2.741733120680489
2.741733120680489
2.741733120680489
2.741733120680489
2.741733120680489
2.741733120680489
2.741733120680489
2.741733120680489
2.741733120680489
2.741733120680489
2.741733120680489
2.741733120680489
2.741733120680489
2.741733120680489
2.741733120680489
2.741733120680489
2.741733120680489
2.741733120680489
2.741733120680489
2.741733120680489
2.741733120680489
2.741733120680489
2.741733120680489
2.741733120680489
2.741733120680489
2.741733120680489
2.741733120680489
2.741733120680489
2.741733120680489
2.741733120680489
2.741733120680489
2.741733120680489
2.741733120680489
2.741733120680489
2.741733120680489
2.741733120680489
2.741733120680489
2.741733120680489
2.741733120680489
2.741733120680489
2.741733120680489
2.741733120680489
2.741733120680489
2.741733120680489
2.741733120680489
2.741733120680489
2.741733120680489
2.741733120680489
2.741733120680489
2.741733120680489
2.741733120680489
2.741733120680489
2.741733120680489
2.741733120680489
2.741733120680489
2.741733120680489
2.741733120680489
2.741733120680489
2.741733120680489
2.741733120680489
2.741733120680489
2.741733120680489
2.741733120680489
2.741733120680489
2.741733120680489
2.741733120680489
2.741733120680489
2.741733120680489
2.741733120680489
2.741733120680489
2.741733120680489
2.741733120680489
2.741733120680489
2.741733120680489
2.741733120680489
2.741733120680489
2.741733120680489
2.741733120680489
2.741733120680489
2.741733120680489
2.741733120680489
2.741733120680489
2.741733120680489
2.741733120680489
2.741733120680489
2.741733120680489
2.741733120680489
2.741733120680489
2.741733120680489
2.741733120680489
2.741733120680489
2.741733120680489
2.741733120680489
2.741733120680489
2.741733120680489
2.741733120680489
2.741733120680489
2.741733120680489
2.741733120680489
2.741733120680489
2.741733120680489
2.741733120680489
2.741733120680489
2.741733120680489
2.741733120680489
2.741733120680489
2.741733120680489
2.741733120680489
2.741733120680489
2.741733120680489
2.741733120680489
2.741733120680489
2.741733120680489
2.741733120680489
2.741733120680489
2.741733120680489
2.741733120680489
2.741733120680489
2.741733120680489
2.741733120680489
2.8496544391281233
2.8496544391281233
2.8496544391281233
2.8496544391281233
2.8496544391281233
2.8496544391281233
2.8496544391281233
2.8496544391281233
2.8496544391281233
2.8496544391281233
2.8496544391281233
2.8496544391281233
2.8496544391281233
2.8496544391281233
2.8496544391281233
2.8496544391281233
2.8496544391281233
2.8496544391281233
2.8496544391281233
2.8496544391281233
2.8496544391281233
2.8496544391281233
2.8496544391281233
2.8496544391281233
2.8496544391281233
2.8496544391281233
2.8496544391281233
2.8496544391281233
2.8496544391281233
2.8496544391281233
2.8979266347687402
2.8979266347687402
2.8979266347687402
2.8979266347687402
2.8979266347687402
2.8979266347687402
2.8979266347687402
2.8979266347687402
2.8979266347687402
2.8979266347687402
2.8979266347687402
2.8979266347687402
2.8979266347687402
2.8979266347687402
2.8979266347687402
2.8979266347687402
2.8979266347687402
2.8979266347687402
2.8979266347687402
2.8979266347687402
2.8979266347687402
2.8979266347687402
2.8979266347687402
2.8979266347687402
2.8979266347687402
2.8979266347687402
2.8979266347687402
2.8979266347687402
2.8979266347687402
2.8979266347687402
2.8979266347687402
2.8979266347687402
2.8979266347687402
2.8979266347687402
2.8979266347687402
2.8979266347687402
2.8979266347687402
2.8979266347687402
2.8979266347687402
2.8979266347687402
2.8979266347687402
2.8979266347687402
2.8979266347687402
2.8979266347687402
2.8979266347687402
2.9218500797448166
2.9218500797448166
2.9218500797448166
2.9218500797448166
2.9218500797448166
2.9218500797448166
2.9218500797448166
2.9218500797448166
2.9218500797448166
2.9218500797448166
2.9218500797448166
2.9218500797448166
2.9218500797448166
2.9218500797448166
2.9218500797448166
3.035832004253057
3.035832004253057
3.035832004253057
3.035832004253057
3.035832004253057
3.035832004253057
3.035832004253057
3.035832004253057
3.035832004253057
3.035832004253057
3.035832004253057
3.035832004253057
3.035832004253057
3.035832004253057
3.035832004253057
3.0555023923444975
3.0555023923444975
3.0555023923444975
3.0555023923444975
3.0555023923444975
3.0555023923444975
3.0555023923444975
3.0555023923444975
3.0555023923444975
3.0555023923444975
3.0555023923444975
3.0555023923444975
3.0555023923444975
3.0555023923444975
3.0555023923444975
3.0851674641148326
3.0851674641148326
3.0851674641148326
3.0851674641148326
3.0851674641148326
3.0851674641148326
3.0851674641148326
3.0851674641148326
3.0851674641148326
3.0851674641148326
3.0851674641148326
3.0851674641148326
3.0851674641148326
3.0851674641148326
3.0851674641148326
3.144922913343966
3.144922913343966
3.144922913343966
3.144922913343966
3.144922913343966
3.144922913343966
3.144922913343966
3.144922913343966
3.144922913343966
3.144922913343966
3.144922913343966
3.144922913343966
3.144922913343966
3.144922913343966
3.144922913343966
3.219564061669325
3.219564061669325
3.219564061669325
3.219564061669325
3.219564061669325
3.219564061669325
3.219564061669325
3.219564061669325
3.219564061669325
3.219564061669325
3.219564061669325
3.219564061669325
3.219564061669325
3.219564061669325
3.219564061669325
3.2355130249867092
3.2355130249867092
3.2355130249867092
3.2355130249867092
3.2355130249867092
3.2355130249867092
3.2355130249867092
3.2355130249867092
3.2355130249867092
3.2355130249867092
3.2355130249867092
3.2355130249867092
3.2355130249867092
3.2355130249867092
3.2355130249867092
3.266985645933014
3.266985645933014
3.266985645933014
3.266985645933014
3.266985645933014
3.266985645933014
3.266985645933014
3.266985645933014
3.266985645933014
3.266985645933014
3.266985645933014
3.266985645933014
3.266985645933014
3.266985645933014
3.266985645933014
3.2932482721956404
3.2932482721956404
3.2932482721956404
3.2932482721956404
3.2932482721956404
3.2932482721956404
3.2932482721956404
3.2932482721956404
3.2932482721956404
3.2932482721956404
3.2932482721956404
3.2932482721956404
3.2932482721956404
3.2932482721956404
3.2932482721956404
3.3271664008506114
3.3271664008506114
3.3271664008506114
3.3271664008506114
3.3271664008506114
3.3271664008506114
3.3271664008506114
3.3271664008506114
3.3271664008506114
3.3271664008506114
3.3271664008506114
3.3271664008506114
3.3271664008506114
3.3271664008506114
3.3271664008506114
3.346730462519936
3.346730462519936
3.346730462519936
3.346730462519936
3.346730462519936
3.346730462519936
3.346730462519936
3.346730462519936
3.346730462519936
3.346730462519936
3.346730462519936
3.346730462519936
3.346730462519936
3.346730462519936
3.346730462519936
3.346730462519936
3.346730462519936
3.346730462519936
3.346730462519936
3.346730462519936
3.346730462519936
3.346730462519936
3.346730462519936
3.346730462519936
3.346730462519936
3.346730462519936
3.346730462519936
3.346730462519936
3.346730462519936
3.346730462519936
3.385433280170122
3.385433280170122
3.385433280170122
3.385433280170122
3.385433280170122
3.385433280170122
3.385433280170122
3.385433280170122
3.385433280170122
3.385433280170122
3.385433280170122
3.385433280170122
3.385433280170122
3.385433280170122
3.385433280170122
3.446996278575226
3.446996278575226
3.446996278575226
3.446996278575226
3.446996278575226
3.446996278575226
3.446996278575226
3.446996278575226
3.446996278575226
3.446996278575226
3.446996278575226
3.446996278575226
3.446996278575226
3.446996278575226
3.446996278575226
3.511961722488038
3.511961722488038
3.511961722488038
3.511961722488038
3.511961722488038
3.511961722488038
3.511961722488038
3.511961722488038
3.511961722488038
3.511961722488038
3.511961722488038
3.511961722488038
3.511961722488038
3.511961722488038
3.511961722488038
3.5452418926103135
3.5452418926103135
3.5452418926103135
3.5452418926103135
3.5452418926103135
3.5452418926103135
3.5452418926103135
3.5452418926103135
3.5452418926103135
3.5452418926103135
3.5452418926103135
3.5452418926103135
3.5452418926103135
3.5452418926103135
3.5452418926103135
3.5920255183413077
3.5920255183413077
3.5920255183413077
3.5920255183413077
3.5920255183413077
3.5920255183413077
3.5920255183413077
3.5920255183413077
3.5920255183413077
3.5920255183413077
3.5920255183413077
3.5920255183413077
3.5920255183413077
3.5920255183413077
3.5920255183413077
3.671026049973418
3.671026049973418
3.671026049973418
3.671026049973418
3.671026049973418
3.671026049973418
3.671026049973418
3.671026049973418
3.671026049973418
3.671026049973418
3.671026049973418
3.671026049973418
3.671026049973418
3.671026049973418
3.671026049973418
3.671026049973418
3.671026049973418
3.671026049973418
3.671026049973418
3.671026049973418
3.671026049973418
3.671026049973418
3.671026049973418
3.671026049973418
3.671026049973418
3.671026049973418
3.671026049973418
3.671026049973418
3.671026049973418
3.671026049973418
3.671026049973418
3.671026049973418
3.671026049973418
3.671026049973418
3.671026049973418
3.671026049973418
3.671026049973418
3.671026049973418
3.671026049973418
3.671026049973418
3.671026049973418
3.671026049973418
3.671026049973418
3.671026049973418
3.671026049973418
3.7134502923976607
3.7134502923976607
3.7134502923976607
3.7134502923976607
3.7134502923976607
3.7134502923976607
3.7134502923976607
3.7134502923976607
3.7134502923976607
3.7134502923976607
3.7134502923976607
3.7134502923976607
3.7134502923976607
3.7134502923976607
3.7134502923976607
3.765443912812334
3.765443912812334
3.765443912812334
3.765443912812334
3.765443912812334
3.765443912812334
3.765443912812334
3.765443912812334
3.765443912812334
3.765443912812334
3.765443912812334
3.765443912812334
3.765443912812334
3.765443912812334
3.765443912812334
3.893992557150452
3.893992557150452
3.893992557150452
3.893992557150452
3.893992557150452
3.893992557150452
3.893992557150452
3.893992557150452
3.893992557150452
3.893992557150452
3.893992557150452
3.893992557150452
3.893992557150452
3.893992557150452
3.893992557150452
3.9963849016480597
3.9963849016480597
3.9963849016480597
3.9963849016480597
3.9963849016480597
3.9963849016480597
3.9963849016480597
3.9963849016480597
3.9963849016480597
3.9963849016480597
3.9963849016480597
3.9963849016480597
3.9963849016480597
3.9963849016480597
3.9963849016480597
4.087931951089846
4.087931951089846
4.087931951089846
4.087931951089846
4.087931951089846
4.087931951089846
4.087931951089846
4.087931951089846
4.087931951089846
4.087931951089846
4.087931951089846
4.087931951089846
4.087931951089846
4.087931951089846
4.087931951089846
4.131738437001595
4.131738437001595
4.131738437001595
4.131738437001595
4.131738437001595
4.131738437001595
4.131738437001595
4.131738437001595
4.131738437001595
4.131738437001595
4.131738437001595
4.131738437001595
4.131738437001595
4.131738437001595
4.131738437001595
4.131738437001595
4.131738437001595
4.131738437001595
4.131738437001595
4.131738437001595
4.131738437001595
4.131738437001595
4.131738437001595
4.131738437001595
4.131738437001595
4.131738437001595
4.131738437001595
4.131738437001595
4.131738437001595
4.131738437001595
4.131738437001595
4.131738437001595
4.131738437001595
4.131738437001595
4.131738437001595
4.131738437001595
4.131738437001595
4.131738437001595
4.131738437001595
4.131738437001595
4.131738437001595
4.131738437001595
4.131738437001595
4.131738437001595
4.131738437001595
4.131738437001595
4.131738437001595
4.131738437001595
4.131738437001595
4.131738437001595
4.131738437001595
4.131738437001595
4.131738437001595
4.131738437001595
4.131738437001595
4.131738437001595
4.131738437001595
4.131738437001595
4.131738437001595
4.131738437001595
4.131738437001595
4.131738437001595
4.131738437001595
4.131738437001595
4.131738437001595
4.131738437001595
4.131738437001595
4.131738437001595
4.131738437001595
4.131738437001595
4.131738437001595
4.131738437001595
4.131738437001595
4.131738437001595
4.131738437001595
4.131738437001595
4.131738437001595
4.131738437001595
4.131738437001595
4.131738437001595
4.131738437001595
4.131738437001595
4.131738437001595
4.131738437001595
4.131738437001595
4.131738437001595
4.131738437001595
4.131738437001595
4.131738437001595
4.131738437001595
4.131738437001595
4.131738437001595
4.131738437001595
4.131738437001595
4.131738437001595
4.131738437001595
4.131738437001595
4.131738437001595
4.131738437001595
4.131738437001595
4.131738437001595
4.131738437001595
4.131738437001595
4.131738437001595
4.131738437001595
4.131738437001595
4.131738437001595
4.131738437001595
4.131738437001595
4.131738437001595
4.131738437001595
4.131738437001595
4.131738437001595
4.131738437001595
4.131738437001595
4.131738437001595
4.131738437001595
4.131738437001595
4.131738437001595
4.131738437001595
4.131738437001595
4.131738437001595
4.131738437001595
4.131738437001595
4.131738437001595
4.131738437001595
4.131738437001595
4.131738437001595
4.131738437001595
4.131738437001595
4.131738437001595
4.131738437001595
4.131738437001595
4.131738437001595
4.131738437001595
4.131738437001595
4.131738437001595
4.131738437001595
4.131738437001595
4.131738437001595
4.131738437001595
4.131738437001595
4.131738437001595
4.131738437001595
4.131738437001595
4.131738437001595
4.131738437001595
4.131738437001595
4.131738437001595
4.131738437001595
4.131738437001595
4.131738437001595
4.131738437001595
4.131738437001595
4.131738437001595
4.131738437001595
4.131738437001595
4.131738437001595
4.131738437001595
4.131738437001595
4.131738437001595
4.131738437001595
4.131738437001595
4.131738437001595
4.131738437001595
4.131738437001595
4.131738437001595
4.131738437001595
4.131738437001595
4.131738437001595
4.131738437001595
4.131738437001595
4.131738437001595
4.131738437001595
4.131738437001595
4.131738437001595
4.131738437001595
4.131738437001595
4.131738437001595
4.131738437001595
4.131738437001595
4.131738437001595
4.131738437001595
4.131738437001595
4.131738437001595
4.131738437001595
4.131738437001595
4.131738437001595
4.131738437001595
4.131738437001595
4.131738437001595
4.131738437001595
4.131738437001595
4.131738437001595
4.131738437001595
4.131738437001595
4.131738437001595
4.131738437001595
4.131738437001595
4.131738437001595
4.131738437001595
4.131738437001595
4.131738437001595
4.131738437001595
4.131738437001595
4.131738437001595
4.131738437001595
4.131738437001595
4.131738437001595
4.131738437001595
4.131738437001595
4.131738437001595
4.131738437001595
4.131738437001595
4.131738437001595
4.131738437001595
4.131738437001595
4.131738437001595
4.131738437001595
4.131738437001595
4.131738437001595
4.131738437001595
4.131738437001595
4.131738437001595
4.131738437001595
4.131738437001595
4.131738437001595
4.131738437001595
4.131738437001595
4.131738437001595
4.131738437001595
4.131738437001595
4.131738437001595
4.131738437001595
4.131738437001595
4.131738437001595
4.131738437001595
4.131738437001595
4.131738437001595
4.131738437001595
4.131738437001595
4.131738437001595
4.131738437001595
4.131738437001595
4.131738437001595
4.131738437001595
4.131738437001595
4.131738437001595
4.131738437001595
4.131738437001595
4.131738437001595
4.131738437001595
4.131738437001595
4.131738437001595
4.131738437001595
4.131738437001595
4.131738437001595
4.131738437001595
4.131738437001595
4.131738437001595
4.131738437001595
4.131738437001595
4.131738437001595
4.131738437001595
4.131738437001595
4.131738437001595
4.131738437001595
4.131738437001595
4.131738437001595
4.131738437001595
4.131738437001595
4.131738437001595
4.131738437001595
4.131738437001595
4.131738437001595
4.131738437001595
4.131738437001595
4.131738437001595
4.131738437001595
4.131738437001595
4.131738437001595
4.131738437001595
4.131738437001595
4.131738437001595
4.131738437001595
4.131738437001595
4.131738437001595
4.131738437001595
4.131738437001595
4.131738437001595
4.131738437001595
4.131738437001595
4.131738437001595
4.131738437001595
4.131738437001595
4.131738437001595
4.131738437001595
4.131738437001595
4.131738437001595
4.131738437001595
4.131738437001595
4.131738437001595
4.131738437001595
4.131738437001595
4.131738437001595
4.131738437001595
4.131738437001595
4.131738437001595
4.131738437001595
4.131738437001595
4.131738437001595
4.131738437001595
4.131738437001595
4.131738437001595
4.131738437001595
4.131738437001595
4.131738437001595
4.131738437001595
4.131738437001595
4.131738437001595
4.131738437001595
4.131738437001595
4.131738437001595
4.131738437001595
4.131738437001595
4.131738437001595
4.131738437001595
4.131738437001595
4.131738437001595
4.131738437001595
4.131738437001595
4.131738437001595
4.131738437001595
4.131738437001595
4.131738437001595
4.131738437001595
4.131738437001595
4.131738437001595
4.131738437001595
4.131738437001595
4.131738437001595
4.131738437001595
4.131738437001595
4.131738437001595
4.131738437001595
4.131738437001595
4.131738437001595
4.131738437001595
4.131738437001595
4.131738437001595
4.131738437001595
4.131738437001595
4.131738437001595
4.131738437001595
4.131738437001595
4.131738437001595
4.131738437001595
4.131738437001595
4.131738437001595
4.131738437001595
4.131738437001595
4.131738437001595
4.131738437001595
4.131738437001595
4.131738437001595
4.131738437001595
4.131738437001595
4.131738437001595
4.131738437001595
4.131738437001595
4.131738437001595
4.131738437001595
4.131738437001595
4.131738437001595
4.131738437001595
4.131738437001595
4.131738437001595
4.131738437001595
4.131738437001595
4.131738437001595
4.131738437001595
4.131738437001595
4.131738437001595
4.131738437001595
4.131738437001595
4.131738437001595
4.131738437001595
4.131738437001595
4.131738437001595
4.131738437001595
4.131738437001595
4.131738437001595
4.131738437001595
4.131738437001595
4.131738437001595
4.131738437001595
4.131738437001595
4.131738437001595
4.131738437001595
4.131738437001595
4.131738437001595
4.131738437001595
4.131738437001595
4.131738437001595
4.131738437001595
4.170122275385434
4.170122275385434
4.170122275385434
4.170122275385434
4.170122275385434
4.170122275385434
4.170122275385434
4.170122275385434
4.170122275385434
4.170122275385434
4.170122275385434
4.170122275385434
4.170122275385434
4.170122275385434
4.170122275385434
4.170122275385434
4.170122275385434
4.170122275385434
4.170122275385434
4.170122275385434
4.170122275385434
4.170122275385434
4.170122275385434
4.170122275385434
4.170122275385434
4.170122275385434
4.170122275385434
4.170122275385434
4.170122275385434
4.170122275385434
4.170122275385434
4.170122275385434
4.170122275385434
4.170122275385434
4.170122275385434
4.170122275385434
4.170122275385434
4.170122275385434
4.170122275385434
4.170122275385434
4.170122275385434
4.170122275385434
4.170122275385434
4.170122275385434
4.170122275385434
4.170122275385434
4.170122275385434
4.170122275385434
4.170122275385434
4.170122275385434
4.170122275385434
4.170122275385434
4.170122275385434
4.170122275385434
4.170122275385434
4.170122275385434
4.170122275385434
4.170122275385434
4.170122275385434
4.170122275385434
4.170122275385434
4.170122275385434
4.170122275385434
4.170122275385434
4.170122275385434
4.170122275385434
4.170122275385434
4.170122275385434
4.170122275385434
4.170122275385434
4.170122275385434
4.170122275385434
4.170122275385434
4.170122275385434
4.170122275385434
4.170122275385434
4.170122275385434
4.170122275385434
4.170122275385434
4.170122275385434
4.170122275385434
4.170122275385434
4.170122275385434
4.170122275385434
4.170122275385434
4.170122275385434
4.170122275385434
4.170122275385434
4.170122275385434
4.170122275385434
4.170122275385434
4.170122275385434
4.170122275385434
4.170122275385434
4.170122275385434
4.170122275385434
4.170122275385434
4.170122275385434
4.170122275385434
4.170122275385434
4.170122275385434
4.170122275385434
4.170122275385434
4.170122275385434
4.170122275385434
4.170122275385434
4.170122275385434
4.170122275385434
4.170122275385434
4.170122275385434
4.170122275385434
4.170122275385434
4.170122275385434
4.170122275385434
4.170122275385434
4.170122275385434
4.170122275385434
4.170122275385434
4.170122275385434
4.170122275385434
4.202020202020202
4.202020202020202
4.202020202020202
4.202020202020202
4.202020202020202
4.202020202020202
4.202020202020202
4.202020202020202
4.202020202020202
4.202020202020202
4.202020202020202
4.202020202020202
4.202020202020202
4.202020202020202
4.202020202020202
4.202020202020202
4.202020202020202
4.202020202020202
4.202020202020202
4.202020202020202
4.202020202020202
4.202020202020202
4.202020202020202
4.202020202020202
4.202020202020202
4.202020202020202
4.202020202020202
4.202020202020202
4.202020202020202
4.202020202020202
4.24455077086656
4.24455077086656
4.24455077086656
4.24455077086656
4.24455077086656
4.24455077086656
4.24455077086656
4.24455077086656
4.24455077086656
4.24455077086656
4.24455077086656
4.24455077086656
4.24455077086656
4.24455077086656
4.24455077086656
4.24455077086656
4.24455077086656
4.24455077086656
4.24455077086656
4.24455077086656
4.24455077086656
4.24455077086656
4.24455077086656
4.24455077086656
4.24455077086656
4.24455077086656
4.24455077086656
4.24455077086656
4.24455077086656
4.24455077086656
4.24455077086656
4.24455077086656
4.24455077086656
4.24455077086656
4.24455077086656
4.24455077086656
4.24455077086656
4.24455077086656
4.24455077086656
4.24455077086656
4.24455077086656
4.24455077086656
4.24455077086656
4.24455077086656
4.24455077086656
4.298564593301435
4.298564593301435
4.298564593301435
4.298564593301435
4.298564593301435
4.298564593301435
4.298564593301435
4.298564593301435
4.298564593301435
4.298564593301435
4.298564593301435
4.298564593301435
4.298564593301435
4.298564593301435
4.298564593301435
4.338649654439128
4.338649654439128
4.338649654439128
4.338649654439128
4.338649654439128
4.338649654439128
4.338649654439128
4.338649654439128
4.338649654439128
4.338649654439128
4.338649654439128
4.338649654439128
4.338649654439128
4.338649654439128
4.338649654439128
4.373737373737374
4.373737373737374
4.373737373737374
4.373737373737374
4.373737373737374
4.373737373737374
4.373737373737374
4.373737373737374
4.373737373737374
4.373737373737374
4.373737373737374
4.373737373737374
4.373737373737374
4.373737373737374
4.373737373737374
4.468580542264752
4.468580542264752
4.468580542264752
4.468580542264752
4.468580542264752
4.468580542264752
4.468580542264752
4.468580542264752
4.468580542264752
4.468580542264752
4.468580542264752
4.468580542264752
4.468580542264752
4.468580542264752
4.468580542264752
4.569803296119086
4.569803296119086
4.569803296119086
4.569803296119086
4.569803296119086
4.569803296119086
4.569803296119086
4.569803296119086
4.569803296119086
4.569803296119086
4.569803296119086
4.569803296119086
4.569803296119086
4.569803296119086
4.569803296119086
4.569803296119086
4.569803296119086
4.569803296119086
4.569803296119086
4.569803296119086
4.569803296119086
4.569803296119086
4.569803296119086
4.569803296119086
4.569803296119086
4.569803296119086
4.569803296119086
4.569803296119086
4.569803296119086
4.569803296119086
4.631897926634768
4.631897926634768
4.631897926634768
4.631897926634768
4.631897926634768
4.631897926634768
4.631897926634768
4.631897926634768
4.631897926634768
4.631897926634768
4.631897926634768
4.631897926634768
4.631897926634768
4.631897926634768
4.631897926634768
4.949069643806486
4.949069643806486
4.949069643806486
4.949069643806486
4.949069643806486
4.949069643806486
4.949069643806486
4.949069643806486
4.949069643806486
4.949069643806486
4.949069643806486
4.949069643806486
4.949069643806486
4.949069643806486
4.949069643806486
5.070600744284955
5.070600744284955
5.070600744284955
5.070600744284955
5.070600744284955
5.070600744284955
5.070600744284955
5.070600744284955
5.070600744284955
5.070600744284955
5.070600744284955
5.070600744284955
5.070600744284955
5.070600744284955
5.070600744284955
5.209037745879852
5.209037745879852
5.209037745879852
5.209037745879852
5.209037745879852
5.209037745879852
5.209037745879852
5.209037745879852
5.209037745879852
5.209037745879852
5.209037745879852
5.209037745879852
5.209037745879852
5.209037745879852
5.209037745879852
5.209037745879852
5.209037745879852
5.209037745879852
5.209037745879852
5.209037745879852
5.209037745879852
5.209037745879852
5.209037745879852
5.209037745879852
5.209037745879852
5.209037745879852
5.209037745879852
5.209037745879852
5.209037745879852
5.209037745879852
5.350877192982456
5.350877192982456
5.350877192982456
5.350877192982456
5.350877192982456
5.350877192982456
5.350877192982456
5.350877192982456
5.350877192982456
5.350877192982456
5.350877192982456
5.350877192982456
5.350877192982456
5.350877192982456
5.350877192982456
5.4929292929292926
5.4929292929292926
5.4929292929292926
5.4929292929292926
5.4929292929292926
5.4929292929292926
5.4929292929292926
5.4929292929292926
5.4929292929292926
5.4929292929292926
5.4929292929292926
5.4929292929292926
5.4929292929292926
5.4929292929292926
5.4929292929292926
5.4929292929292926
5.4929292929292926
5.4929292929292926
5.4929292929292926
5.4929292929292926
5.4929292929292926
5.4929292929292926
5.4929292929292926
5.4929292929292926
5.4929292929292926
5.4929292929292926
5.4929292929292926
5.4929292929292926
5.4929292929292926
5.4929292929292926
5.4929292929292926
5.4929292929292926
5.4929292929292926
5.4929292929292926
5.4929292929292926
5.4929292929292926
5.4929292929292926
5.4929292929292926
5.4929292929292926
5.4929292929292926
5.4929292929292926
5.4929292929292926
5.4929292929292926
5.4929292929292926
5.4929292929292926
5.4929292929292926
5.4929292929292926
5.4929292929292926
5.4929292929292926
5.4929292929292926
5.4929292929292926
5.4929292929292926
5.4929292929292926
5.4929292929292926
5.4929292929292926
5.4929292929292926
5.4929292929292926
5.4929292929292926
5.4929292929292926
5.4929292929292926
5.4929292929292926
5.4929292929292926
5.4929292929292926
5.4929292929292926
5.4929292929292926
5.4929292929292926
5.4929292929292926
