x,y
-6.789025382993551e-13,4.892124356773578e-09
-6.789025382993551e-13,4.892124356773578e-09
-6.789025382993551e-13,4.892124356773578e-09
-6.789025382993551e-13,4.892124356773578e-09
-6.789025382993551e-13,4.892124356773578e-09
-6.789025382993551e-13,4.892124356773578e-09
-6.789025382993551e-13,4.892124356773578e-09
-6.789025382993551e-13,4.892124356773578e-09
-6.789025382993551e-13,4.892124356773578e-09
-6.789025382993551e-13,4.892124356773578e-09
-6.789025382993551e-13,4.892124356773578e-09
-6.789025382993551e-13,4.892124356773578e-09
-6.789025382993551e-13,4.892124356773578e-09
-6.789025382993551e-13,4.892124356773578e-09
2.5310684530864036e-05,1.251789432571447e-08
-5.876149854243742e-13,4.594923380318992e-09
-5.876149854243742e-13,4.594923380318992e-09
-5.876149854243742e-13,4.594923380318992e-09
-5.876149854243742e-13,4.594923380318992e-09
-5.876149854243742e-13,4.594923380318992e-09
2.5310684495312437e-05,1.2630664746699734e-08
-5.39878502282343e-13,4.4459457341118215e-09
-5.39878502282343e-13,4.4459457341118215e-09
-5.39878502282343e-13,4.4459457341118215e-09
-5.39878502282343e-13,4.4459457341118215e-09
-5.39878502282343e-13,4.4459457341118215e-09
-5.39878502282343e-13,4.4459457341118215e-09
2.531068468235368e-05,1.2030228257016368e-08
-5.225214859861001e-13,4.38824046826683e-09
-5.225214859861001e-13,4.38824046826683e-09
-5.225214859861001e-13,4.38824046826683e-09
-5.225214859861001e-13,4.38824046826683e-09
-5.225214859861001e-13,4.38824046826683e-09
-5.225214859861001e-13,4.38824046826683e-09
-5.225214859861001e-13,4.38824046826683e-09
-5.225214859861001e-13,4.38824046826683e-09
-5.225214859861001e-13,4.38824046826683e-09
-5.225214859861001e-13,4.38824046826683e-09
-4.980467061444123e-13,4.306397051960242e-09
-4.980467061444123e-13,4.306397051960242e-09
-4.980467061444123e-13,4.306397051960242e-09
-4.980467061444123e-13,4.306397051960242e-09
-4.980467061444123e-13,4.306397051960242e-09
-4.980467061444123e-13,4.306397051960242e-09
-3.4403965001308587e-13,3.7791293273912325e-09
-3.4403965001308587e-13,3.7791293273912325e-09
-4.136278586351974e-13,4.012967659796391e-09
-4.136278586351974e-13,4.012967659796391e-09
-4.136278586351974e-13,4.012967659796391e-09
-4.559292362865588e-13,4.163831100807813e-09
-4.559292362865588e-13,4.163831100807813e-09
2.531068473363629e-05,1.1856358141964137e-08
-5.836019669369814e-13,4.596054857435604e-09
-5.836019669369814e-13,4.596054857435604e-09
-5.836019669369814e-13,4.596054857435604e-09
-5.836019669369814e-13,4.596054857435604e-09
0.004072990415995873,0.00012240681154249893
0.019606273188302815,0.0011312725062563134
0.044183833176116113,0.0026955455499090043
0.06488090841062193,0.003851253096138312
0.08693957100518092,0.004573949972077478
0.10495904236352228,0.004788674520751791
0.12449376670372891,0.004377748040157336
0.1461992501877403,0.003125668509143458
0.16960556980994512,0.001495971506892351
0.1856628926447735,0.00035799768832508224
0.20568131830846914,-0.0010988395411159271
0.21787047064311443,-0.0020351591263051455
0.24664874998263414,-0.0044493003462778725
0.263734434515264,-0.0060509905965572255
0.2766282615634607,-0.00734974232889212
0.30661196107546485,-0.010697837220775048
0.3283495456533604,-0.013511300676423175
0.34586424389973136,-0.01601012760919992
0.3671740353778542,-0.019315554781011532
0.3883970866976894,-0.02284191176524575
0.41026457715493053,-0.026798951765626997
0.4280337489066886,-0.03022847993268981
0.4528985668691393,-0.03509197362356494
0.4781103481721613,-0.04002755611617294
0.5033159777320496,-0.04499445778258279
0.5283964899378659,-0.049941722544221454
0.5486075685074294,-0.05394068945125535
0.5733216961541058,-0.05878342583251143
0.5978823273159872,-0.06348688445451527
0.6226818830804774,-0.06815323037587839
0.6429277412939851,-0.07197220576136874
0.6679631634925525,-0.07675327049543135
0.692921743673245,-0.08153191125800155
0.7028905973000099,-0.08343875098372759
0.7353721137624134,-0.08983929180619857
0.758410212653292,-0.09466911452195013
0.7833263878669023,-0.09991560534987369
0.808196689558808,-0.1051342483495952
0.8282345446607322,-0.10934911020979841
0.8535179408696812,-0.11469416021461547
0.8684173026556263,-0.1178841757032866
0.9032924439914826,-0.1254578733092782
0.9234902287822164,-0.12989222148061427
0.9469866034996297,-0.13523221347946787
0.9665435586274814,-0.14007320530832015
0.9804844274055304,-0.1437864380557501
0.9997032423844127,-0.14921238329809966
1.0179419786145465,-0.1544757411790474
1.0416047233803674,-0.16139132476594995
1.0646675153361627,-0.16828282229719138
1.086974697853679,-0.17522217234278292
1.1039294466741343,-0.1807844378177359
1.1252338031997802,-0.18818054401182424
1.146209154355074,-0.1958953508973883
1.1665221608095566,-0.2037875809414972
1.1849658604784021,-0.2111085925397501
1.2087580756982674,-0.2205969381404131
1.2322879835479912,-0.22992290336217577
1.254787846313982,-0.23861654472833227
1.2728099145249328,-0.24541403345518922
1.2954939132931396,-0.2537630284224119
1.3183769627215873,-0.26200931374040004
1.3411454991198386,-0.2703476964517761
1.3575866242849752,-0.2768122381161632
1.3768581501147936,-0.28504612161633264
1.3851175464962544,-0.2887108242072011
1.386489684452961,-0.2893001232792395
1.3896040113093602,-0.29057793361990253
1.392544030101674,-0.2917467548301294
1.3927792601366642,-0.2918401890859229
1.3946544617153125,-0.29253435826428564
1.399117168280575,-0.2940330680097102
1.398948594917225,-0.29397853443137634
1.399141927723213,-0.2940387363777442
1.4012784852302236,-0.2946681545824235
1.4094185762145084,-0.2967513700060455
1.4214574351422338,-0.2990028108374994
1.4307868968787372,-0.3000609949703921
1.436292644087506,-0.3004244339760313
1.4476785400183463,-0.3006075936296448
1.4503354864442843,-0.30054767079118405
1.4546349404611856,-0.3003781825723204
1.4548372400594933,-0.3003695085365942
1.4547613629438156,-0.30037239560003964
1.4547107737259,-0.3003741995976027
1.4546601757534035,-0.3003757377598535
1.4546095731939246,-0.30037711774199666
1.4545589657222298,-0.3003783039903573
1.4545083541932253,-0.30037930224338577
1.4544324304940932,-0.3003804265515947
1.4544071219087131,-0.3003807580721314
1.454457742023808,-0.3003804012468271
1.4562546576936843,-0.3003578998745094
1.4565836672178585,-0.3003535054743337
1.456533048314342,-0.30035400353046626
1.4565077382318923,-0.3003541783752848
1.4565836700584587,-0.3003539904633615
1.4585830622956626,-0.30033104966411733
1.4626309449176684,-0.3002104592279374
1.463642642352937,-0.30017201901495166
1.4637438163565795,-0.30016828880121005
1.463743816356572,-0.30016828880121027
1.4637185160690844,-0.3001690142645037
1.4636426062845531,-0.30017084857744913
1.4636173000346566,-0.30017132245559736
1.4635919921608151,-0.3001716997692055
1.4635666834574856,-0.3001720165967991
1.4653128717407768,-0.300142645195287
1.4655659338087759,-0.3001378834564327
1.4656418511537534,-0.30013636527410165
1.4665276120822324,-0.3001222213706549
1.4669578346764922,-0.3001150916588833
1.4677676512382816,-0.3001008407140295
1.4679194951822574,-0.30009836810572427
1.467894186449053,-0.30009868253779265
1.4687040603334363,-0.30008818773023127
1.4690583800743349,-0.3000835886592247
1.4703743512139094,-0.300061611027942
1.4717155166695979,-0.3000332392617255
1.4720697733077432,-0.3000251226250971
1.4721456820519072,-0.3000232110093684
1.474068635485262,-0.29997306034497706
1.4759658135066525,-0.2999078775269934
1.4765728378014058,-0.2998849687964555
1.4766487216419062,-0.29988226157917625
1.4765728244574314,-0.29988456134616304
1.4765475230338874,-0.29988524604388067
1.4764969138610804,-0.29988635660130575
1.4767752773723526,-0.29988087223354526
1.4769524233936224,-0.2998776805126362
1.4769524233936149,-0.2998776805126363
1.4779647131266616,-0.2998610406443337
1.4793564977874447,-0.2998320010475169
1.47960954789825,-0.29982664240911505
1.4802168743754793,-0.2998140766235029
1.4810772180784006,-0.29979464417286306
1.4815832907047262,-0.2997826933344068
1.4815326786391083,-0.29978366399972955
1.4815073716408393,-0.2997840960674951
1.4829497466832127,-0.29975324567423556
1.4846702122845874,-0.2997055686281003
1.4851003057184373,-0.29969284258698425
1.485226804049992,-0.2996891046007053
1.4851761950691535,-0.29969022323610434
1.48520150218923,-0.2996897983627398
1.485125577953276,-0.2996908876174056
1.4868463749017407,-0.2996573668326573
1.4882632624521706,-0.299619470329897
1.4913231139722296,-0.2994909310421497
1.4942543276971412,-0.29932274964941946
1.4947848601128295,-0.2992902915634172
1.4948606662256827,-0.2992859205731478
1.494835398721121,-0.2992874048959367
1.4946837210970905,-0.2992949280153584
1.4947090070794224,-0.29929381000738414
1.4946331449185848,-0.2992970673298473
1.4954676393549666,-0.2992614955126252
1.4962009106337115,-0.29922857482446574
1.4961756207441679,-0.29922960065623194
1.4967320074739545,-0.2992072593345039
1.4970354942689805,-0.29919515213226255
1.4971366709716845,-0.29919149585874233
1.497187262371808,-0.2991897541325718
1.4971619633527344,-0.29919052255813594
1.4984267707670778,-0.29914771342462815
1.4998936876983784,-0.2990908211017929
1.500146606692288,-0.2990810715331972
1.5001213067626589,-0.29908181990331295
1.5004501690184688,-0.2990710389324725
1.5011078910292655,-0.29904940105863914
1.501335573075129,-0.2990421915003916
1.5013355684815854,-0.299042024578149
1.5013102643231053,-0.29904259938936617
1.5014367908115984,-0.29903998838571233
1.503283862862079,-0.29899276377458067
1.5039416587440704,-0.29897350211195667
1.5039922629794154,-0.29897218501603195
1.5051307494977426,-0.29893867914859173
1.505990861774319,-0.2989108202127791
1.5060161596859087,-0.29891001615237356
1.507483364075359,-0.2988611325673999
1.5091018748787215,-0.2987945892162495
1.5105935267030985,-0.29872380275619737
1.5106693754898488,-0.2987202477177755
1.5122112461059767,-0.2986401363556613
1.5137527106858124,-0.29855253512275753
1.5139548735206518,-0.298541109068358
1.5142581541040196,-0.2985246250582337
1.5150163514668247,-0.29848333932681886
1.5153449123802187,-0.2984656104767764
1.5153196272825202,-0.29846675564947606
1.5170126385493197,-0.29836934398409776
1.5203956879227523,-0.2981283958293059
1.5207238121507407,-0.29810387858760956
1.521380042245672,-0.2980546006366318
1.5222128356819378,-0.2979905531450653
1.5232221023349968,-0.29791061735541363
1.523928440446518,-0.29785281550395576
1.5245842870637405,-0.29779867068162735
1.5254166762366903,-0.2977295682225929
1.5259967730123638,-0.29768076817669814
1.5260472245190893,-0.29767662464611977
1.525971514714844,-0.2976824295956409
1.526501884561187,-0.2976474067091365
1.5276139316526203,-0.2975873019610892
1.5342419365227677,-0.2973790187920219
1.5387716110144112,-0.2972897338375352
1.5421884472137957,-0.297305476737823
1.5457809933702782,-0.2974105865068398
1.547500523729783,-0.29748469700611146
1.5558427200526508,-0.2978996168755447
1.5655305574149785,-0.29824308224638924
1.575121437510815,-0.29842904690723754
1.5846887981070417,-0.2984333721071177
1.5918764587589986,-0.298346700378019
1.6014649542763701,-0.29806580568419616
1.6112236634664308,-0.2975985310666703
1.619888881817909,-0.2970667511159658
1.6294266531434156,-0.29631549016334413
1.6378394306112363,-0.2954853947017105
1.645991171134469,-0.2945911369546283
1.653146050555683,-0.2938995094139637
1.662469165798911,-0.2930152670977974
1.6705566479258642,-0.2922381728404823
1.6795282217062166,-0.2914004985542663
1.6895322964588733,-0.2904585492144096
1.702008299613609,-0.2890621147145817
1.71162778307681,-0.287862518574116
1.7186687828350504,-0.2870568085609677
1.7270268352177809,-0.286187409978863
1.7385696769102341,-0.284872062569198
1.7535825368456945,-0.28315776957937083
1.775569476774093,-0.28096543923279305
1.7970406324705965,-0.2792548455486745
1.8166063942678068,-0.2782869968801911
1.8307275652069301,-0.2780878288682623
1.8478298924915924,-0.27856092957604617
1.848663056295002,-0.2786234318726837
1.8411717780544903,-0.27857524305695364
1.8348484136287524,-0.2787956275166037
1.8279586772299727,-0.279319191110159
1.8251398419379017,-0.2796189667208007
1.8249146617367151,-0.2796533363687857
1.825530456380619,-0.27950785879289614
1.8271327571983997,-0.2790363217814485
1.8290451871341564,-0.27837098199637483
1.8282539739134858,-0.27870940599162125
1.82600584466999,-0.27975722872942627
1.8251263259107051,-0.28020523178195667
1.8243592877989367,-0.2806483512480977
1.8226107877352677,-0.2817663995708648
1.820901816924285,-0.28294387631009726
1.8210198905799648,-0.2828483212902881
1.8209125162551403,-0.2829563695968485
1.8198917753129167,-0.28390287297409655
1.8200780623793604,-0.2836958162054373
1.8207995597968722,-0.28284765332845113
1.8221660155674964,-0.28099404499389014
1.822695022687501,-0.2802209682198433
1.8216859257771363,-0.28188819651666314
1.8223028915027546,-0.28069724902517856
1.8227850803430423,-0.27963749962624795
1.8239064265643934,-0.2766798936155616
1.8244879886809502,-0.27455636864873106
1.8268778724065298,-0.2633943948380505
1.8309151106051156,-0.2449754087993763
1.8362533121155917,-0.2223097754280443
1.8420296516434707,-0.1990471229806197
1.848009616650529,-0.17646384511525373
1.853087683925941,-0.1582253384038221
1.8596867188574533,-0.13584148523588974
1.8666057339260873,-0.11392593601156392
1.8737802193077335,-0.09284005274482014
1.8797869303227717,-0.07633373204747744
1.8878192474472615,-0.05580396214821726
1.896185434822269,-0.0360112013515765
1.904384144952102,-0.018779480521801777
1.9108608940659273,-0.006745524056629297
1.9194886011727457,0.007290802707478126
1.9241451228699367,0.014009621647523982
1.9101066989133713,-0.004663736573708482
1.89477887438753,-0.025059317160337796
1.8825085773840546,-0.041420386639767465
1.8672641427941563,-0.06178359772031442
1.8520463859563503,-0.08213515815011649
1.8368887188478085,-0.1024368290331458
1.8217337749765221,-0.1227721084270141
1.806633721847303,-0.14305359271163773
1.7945648541809378,-0.15928078596642467
1.7793685452673949,-0.17974302439795836
1.7641496353512296,-0.2002830406604731
1.749040041562101,-0.22071503163979037
1.733924384760674,-0.24120547686257204
1.7188521449195309,-0.26166504003823277
1.7148063667924551,-0.2671726403775686
1.7145369475311447,-0.26754003343001553
1.7145369475311447,-0.26754003343001553
1.7145369475311447,-0.26754003343001553
1.7145369472865908,-0.26754003325072473
1.7145369472865908,-0.26754003325072473
1.7145369472865908,-0.26754003325072473
1.7145369472865908,-0.26754003325072473
1.7145369472865908,-0.26754003325072473
1.7145369472865908,-0.26754003325072473
1.7145369472865908,-0.26754003325072473
1.7145369472865908,-0.26754003325072473
1.7145369472865908,-0.26754003325072473
1.7145369469714673,-0.2675400330197007
1.7145369469714673,-0.2675400330197007
1.7152726714466782,-0.2665103308263476
1.718944558684026,-0.2609584230889993
1.7217684841484235,-0.25630696659660546
1.7246457163414988,-0.2510729501490136
1.7269844986533713,-0.24632811156362922
1.7329619030842651,-0.23141820775465868
1.7361884953807245,-0.22049697843385527
1.7380598443341817,-0.21228035782158428
1.7398012561613456,-0.20112832076130774
1.7406467645201795,-0.19098980861906412
1.740875828725088,-0.18562893931788269
1.7409116645965168,-0.1843385980593616
1.740867205725411,-0.1792265294623496
1.7406651976322955,-0.17442173461163113
1.7412162471969768,-0.1793002872713174
1.7401391624098783,-0.17191183769074603
1.737550756543064,-0.15658872002378166
1.7338404364631455,-0.1386699002674449
1.7291683171668584,-0.12037641059329941
1.725265438974546,-0.10693518445866416
1.7219079656513065,-0.0972270365829379
1.7219040262264214,-0.09720020592115934
1.722544685142514,-0.0979505876719096
1.7236679631501461,-0.09897070691039635
1.7232334422364917,-0.09875771701069895
1.7243813159229042,-0.09928933949309912
1.7246772183881338,-0.09935684478605998
1.724879017128788,-0.09937091057707118
1.7249801576337194,-0.09936636175636586
1.7257615051197128,-0.0991545072480792
1.7271774851310149,-0.09854242970259423
1.717709379692315,-0.10440467074437386
1.712661523220778,-0.10791430943295553
1.7091055289554522,-0.11129890971974514
1.697112793967719,-0.12381962103469166
1.6806558801296627,-0.14145460682287778
1.6671507160978458,-0.15609691094043757
1.650498639069511,-0.17437816004441795
1.6349630964373965,-0.1918933456647602
1.6198673852189736,-0.20948982594895235
1.6073239622628215,-0.2243729152594609
1.590739390078548,-0.24409227188452454
1.5751723662003878,-0.26281477438432665
1.56073794979223,-0.2805354494923501
1.5470857782316576,-0.2973263732619708
1.5360731211013112,-0.3108482868897156
1.521759698651854,-0.32853682075932694
1.507913145732235,-0.34569146393739314
1.4939588997172446,-0.3630518511463069
1.4825256204858013,-0.3774049347814938
1.4681606319555691,-0.3956352880816504
1.453926913555575,-0.41393625195764616
1.4401005170480645,-0.43191230634626276
1.4295901550660006,-0.4456374481967105
1.4161245289167799,-0.4632522454850162
1.4014674317332554,-0.4825367108220767
1.3866257213045996,-0.5017112294289638
1.3749057177661397,-0.5164182928288773
1.3657370851400576,-0.5277207150744744
1.344233737334367,-0.55355447640198
1.32900210825329,-0.570999620006603
1.3169098368998486,-0.5843270535045563
1.3011327223790765,-0.6010376971222346
1.2856517262290372,-0.6168749773802504
1.2705978774680597,-0.6319601554117379
1.2553391017149989,-0.6469466205838816
1.2432337586653799,-0.6586411211995867
1.227639571242108,-0.6733520423247469
1.2112396140217196,-0.6882730616972708
1.1947259959476206,-0.7028397577738049
1.180513632981619,-0.71527076173004
1.1619445939778885,-0.7316397374450873
1.1431849816699104,-0.7483280045295126
1.1244029720684496,-0.7651432234351441
1.1093649573146853,-0.7787027711346135
1.0907664623987168,-0.7956080649096622
1.0720821568831551,-0.8126822416188715
1.053425971480286,-0.8297871384246824
1.0390906938088658,-0.8430650305025673
1.022410158892546,-0.8589841415279009
1.0066640646493257,-0.8746654689959593
0.9911668404702094,-0.8908037842979883
0.9761052106548268,-0.9072122760595005
0.9639682215566165,-0.9208738183687627
0.9488774704793128,-0.9384078724544046
0.9340160713704242,-0.9563015319757978
0.9192732833209505,-0.9745541359416378
0.907822166396505,-0.9891188052505708
0.893978194107445,-1.007336195375484
0.880262720010769,-1.0260284626870138
0.8671973305648686,-1.0445337879791536
0.8567689433658007,-1.0597555339410896
0.8437113932449576,-1.0793406610405394
0.8308159483633264,-1.0992141870810026
0.8183308200417309,-1.1190794435986828
0.8090526504151656,-1.1343804634577281
0.7985617142023188,-1.1527557811690223
0.7884582385899025,-1.1716061363659498
0.7785446158441636,-1.1912398239543989
0.7693054509828292,-1.210780560771501
0.7622568969606786,-1.226620523640925
0.7538574927960614,-1.2467838510623357
0.7460418178593585,-1.2670447969957213
0.73863893836225,-1.2876755907594009
0.7328033046519193,-1.3048325114840937
0.7260929277979278,-1.3259645793224204
0.7199453203247305,-1.3471353268828348
0.7141570386137444,-1.3688265752350353
0.7098383808870603,-1.386244199535242
0.7048398979083642,-1.4082607629061155
0.7002697710156518,-1.4303186600057656
0.6960830094923737,-1.4526585007085717
0.692907661814148,-1.470911684269212
0.6891814019164888,-1.4940255383129215
0.6856245816958452,-1.5175757790075848
0.682168317460738,-1.5417803490997823
0.6788233049572502,-1.5663326529619508
0.6763633649633477,-1.585538352278777
0.6736107072971682,-1.609119566501949
0.6712660008182231,-1.6323123453122528
0.6692462910363037,-1.6555610916877772
0.6678377287780108,-1.6743140208786014
0.6663259201346562,-1.6979817959132448
0.665288771439294,-1.7208135779753109
0.6645922948755799,-1.7441141716910666
0.6642019922302874,-1.7632197167258241
0.6638634338324723,-1.7877180935941308
0.6636445500701936,-1.8126481529949978
0.6634731127609823,-1.8378317019534292
0.6633294945860592,-1.8582316089412156
0.6631537688610367,-1.883617616242387
0.663039696055812,-1.9087002460239644
0.6631092001350418,-1.9328459717992885
0.6637228465302032,-1.9420881144581938
0.6658079232229871,-1.9610791249726243
0.6673456591009732,-1.9672683165165505
0.6733130234109013,-1.9886222609144837
0.6799476615305208,-2.011575869516134
0.6853957489915221,-2.029707257182688
0.6918597003084639,-2.049348438580248
0.6963878783086141,-2.0599345531307005
0.7045238973391109,-2.0763251992967904
0.7132111711772793,-2.093089594495587
0.7238796841626116,-2.1127280201821264
0.7353404313044405,-2.133085199183474
0.7465248771731406,-2.151876763510285
0.7562033334909312,-2.167615728322657
0.7689435855361515,-2.1877989836463745
0.7816599303876922,-2.2073655455272667
0.7905326153210135,-2.2188990558085075
0.8017704575667717,-2.232727108685695
0.8179534947119749,-2.252450983449915
0.8341196910632729,-2.272221326218995
0.8489979545391904,-2.2908844350858404
0.861344556110593,-2.306223632250942
0.8628298577096782,-2.30781332352494
0.8665339619830397,-2.3106776531941864
0.8833696625568844,-2.3229871652388834
0.9039163633713917,-2.3378973456669137
0.9201066677727857,-2.349588361799692
0.9400656481703087,-2.363841888602769
0.9590326332709986,-2.376953691056623
0.9781871396724972,-2.389744309506584
0.9922545290665514,-2.3985601579785003
0.9950538708628063,-2.4000333483376237
0.9995600857602541,-2.401712913261185
1.0204302986196074,-2.4093474319910766
1.037463245237139,-2.4155362894904275
1.059523762351171,-2.423600684846767
1.0819301951288853,-2.431824557816321
1.104093980505396,-2.4399749317033703
1.1231167376223938,-2.447059442219699
1.1467697784689341,-2.455997197129703
1.1691385560887193,-2.4643208483529007
1.1718190720833475,-2.465070217620276
1.173260037756522,-2.465134539757525
1.1883702764605033,-2.465200252448149
1.2132756209078819,-2.4651438128741003
1.221291738412445,-2.4648058318483077
1.2327161191012734,-2.4642000877363035
1.2434094130944378,-2.463670117038456
1.2581220725424636,-2.4629389486068414
1.2705654953335215,-2.4624552649799263
1.286974735715215,-2.4617024648679826
1.3023579422039269,-2.460727295241212
1.327408037455582,-2.4590206514619934
1.3511602206845694,-2.4576452997565035
1.3754541260473354,-2.4564447378372263
1.395478981319522,-2.455522909837661
1.4191387537773932,-2.4543149677849585
1.4403170625839736,-2.4527606874819377
1.4561842691891118,-2.450748780187028
1.470705218301665,-2.4482735645126468
1.4909670949751836,-2.4442716387593406
1.5081993619923646,-2.4403858638122418
1.5108612302209872,-2.4394160351150678
1.5113359308146381,-2.4391775166966903
1.516208871764043,-2.4361335861337143
1.532571769098706,-2.426120630264345
1.5411445311631036,-2.421762937961847
1.5497327504505896,-2.4180954007928377
1.5626596489979643,-2.412998184048993
1.5825079216898066,-2.405168166888849
1.6032688929709755,-2.396691041411592
1.6083788132816452,-2.3941825380286352
1.608276485405028,-2.394256808648444
1.6066609409184482,-2.3959322264362943
1.6024114263816114,-2.4010560356697455
1.5920491603514193,-2.416001774972263
1.5868445320299065,-2.425238994427572
1.5817899442630978,-2.43639414551745
1.5781887542389916,-2.4469565327476226
1.5769443611263465,-2.4531569838214287
1.5764354263146212,-2.4590552961100047
1.5763799102751355,-2.4656105288004952
1.5777862097967537,-2.4835426966389575
1.5801763607025237,-2.4959667852237297
1.5829452869379552,-2.5050144988112364
1.5845026107210216,-2.508585678516066
1.590400253894548,-2.519176186591354
1.597890657892895,-2.530148386437157
1.6062582393190172,-2.5403691406053595
1.6132111661605726,-2.5476188446563723
1.620566367277705,-2.5538913591765495
1.6282098756983314,-2.5590762776826805
1.6411944215678553,-2.5672410947480504
1.6380684851612928,-2.5649990148702413
1.629636527871984,-2.5581205462119745
1.6186150164576034,-2.5478964247956872
1.6078096719263404,-2.5364833878766033
1.6008587573581856,-2.528375870898187
1.5935415276833156,-2.518427676165086
1.5860691183029005,-2.5066535498200286
1.576520964100074,-2.4900134225060055
1.5711970315052168,-2.479859390634282
1.5648585926419727,-2.4670968495118952
1.5617884524301138,-2.4605415408986753
1.5596213009518765,-2.455302815835077
1.5571177379414411,-2.448564895907059
1.5556231482458824,-2.444100940656246
1.5540603327082272,-2.438730247715625
1.5527449316612834,-2.433293771548317
1.5516489139339555,-2.4277314424327137
1.5509443501241047,-2.4233074625422937
1.5502912317578403,-2.4177523813588895
1.5498590636964262,-2.412048718128793
1.549676125795869,-2.4061798121426965
1.549744155152784,-2.4001818838194655
1.5499651712112377,-2.395555580870901
1.5504581398598927,-2.3899330681947446
1.551190354019386,-2.384413378739524
1.5521499342705602,-2.378980036499355
1.5530718056804615,-2.374673794275064
1.5544364032268798,-2.369353897587446
1.5559832736866226,-2.364189599864688
1.5578904228660466,-2.3587165194778583
1.5598182033797705,-2.3537091010173263
1.5631132917867039,-2.34573197460385
1.567373254733281,-2.3356892212715232
1.5718972414038834,-2.325126189558143
1.5751426091856933,-2.317733098381804
1.5789243471965457,-2.3094988682151505
1.5831344521943767,-2.3007107158049465
1.5864113355942675,-2.2943416572923114
1.5893981455209816,-2.289081531233141
1.5926384163078084,-2.283735215459571
1.596600761610856,-2.2775868016997336
1.600019946737589,-2.2727511305465167
1.6034749483163873,-2.2682882182041215
1.6062606781674802,-2.2649430779989697
1.6099413285420894,-2.2608667693398177
1.6138016418715573,-2.2569245303785412
1.6178319046918972,-2.253156373518178
1.6212133998203453,-2.2502180885733347
1.6256799037806724,-2.2466449127653565
1.6302492461034064,-2.243288843942722
1.6350015540814142,-2.2401056256639076
1.6398865895891765,-2.23713011311491
1.6438389422411215,-2.2349158348932883
1.6500439787535588,-2.2317069052829104
1.6602027124235106,-2.226556383416331
1.6710781528234016,-2.221028389771309
1.6794798260367545,-2.2167781169426006
1.6897794248933418,-2.211625954307841
1.700189474137314,-2.2064684860426045
1.7121561454450405,-2.2004625122887327
1.7205879207105157,-2.1959962052263893
1.722862422251242,-2.194622588141249
1.7237506916229035,-2.193993806562831
1.7229625595507143,-2.1946688194660986
1.7223701866594372,-2.1952210090762208
1.7227596172563924,-2.194754439556601
1.722642556668485,-2.1949519219416227
1.7194103254443127,-2.199485870005209
1.7162745069734122,-2.2042393947935617
1.713883312349576,-2.2081171504166868
1.710950177189558,-2.2132332300216184
1.7082545379834064,-2.2183641488690684
1.7056892067551144,-2.2237021979628326
1.7037804294242378,-2.2280054581035724
1.7015656194266613,-2.233470997024121
1.6995625117761977,-2.2389906165364493
1.69778989095161,-2.2444822328098337
1.6964857375455453,-2.24897924292736
1.6950572145591638,-2.254596375718628
1.6938385524857154,-2.2601592231787753
1.6933933152241503,-2.2626763032542367
1.6933761871158692,-2.262827184529199
1.6933399761732004,-2.264041380433803
1.693284643464522,-2.26313191090223
1.6930795180062896,-2.261474375998198
1.6936111444567927,-2.2642845111183045
1.6947706441896213,-2.2694455557819264
1.6962138647174017,-2.274928239279375
1.6979106997781317,-2.2805231386556413
1.6998351877004654,-2.2861509797694173
1.7014545392406546,-2.2904633251595663
1.7037033454131443,-2.295914967417046
1.7061529954045598,-2.301279268485611
1.708806073794909,-2.306574248549401
1.7110539094324524,-2.310739304784374
1.714008477587967,-2.3158137621548898
1.7171369235045955,-2.3207528872017105
1.7203948518533554,-2.3255158675133063
1.7230925886292006,-2.329218344755119
1.7266462791457098,-2.333764878164738
1.7295436217721663,-2.3371816534818604
1.733127484318719,-2.341072098462591
1.7328418822407454,-2.3408213475089275
1.735840724031968,-2.3434284412055817
1.729765722552833,-2.338226095034778
1.7203648440434718,-2.3294195415119052
1.7129780102164314,-2.321740715195965
1.7055976617912896,-2.3133008296656494
1.6988421427182319,-2.3047362334906993
1.6930212278549592,-2.2963303954304886
1.688535191501492,-2.289106272235876
1.6832275673765242,-2.2796053464547823
1.6770212008885614,-2.267371907385718
1.6733255707829162,-2.2587407799773667
1.6703167169638982,-2.250168161299912
1.6682789721404505,-2.24309134820767
1.666276710745942,-2.234073367726286
1.6649327324851013,-2.2251135890123446
1.664135462318819,-2.2157328897317266
1.663888565057948,-2.208119265082412
1.6641032898363306,-2.199263936159872
1.6649046885181897,-2.1878265846127483
1.6663251697807346,-2.1743604649265786
1.6677891309781945,-2.1630143110139306
1.6700169424058844,-2.1482739014874515
1.6725239919026398,-2.1337325013140185
1.6749880047405727,-2.1221728772799064
1.67562174282688,-2.1194617873822805
1.6755866258539345,-2.11960953550068
1.675469044788737,-2.1201019042833056
1.6753509241470248,-2.1205941438929887
1.6752382061085853,-2.121061650435034
1.6751310480311832,-2.121504461368467
1.6750055373651478,-2.1220209546055377
1.674903413492263,-2.1224389414677414
1.6747828047093016,-2.122930577350563
1.674679879441489,-2.123348367592817
1.6745764830646224,-2.123766041496031
1.6744604633295013,-2.1242327396308918
1.674344028541073,-2.1246993343807183
1.6742456090502618,-2.1250921639745597
1.67412211833655,-2.1255830838897167
1.6739919292046674,-2.1260984177456486
1.6738736082434251,-2.1265645377521443
1.6737610867251238,-2.127006016274952
1.6736292291816564,-2.1275209257469423
1.673503071054512,-2.1280111669641206
1.6733763364279892,-2.128501259459882
1.6732745481952933,-2.1288932296621708
1.6731404355969492,-2.1294075563962376
1.6730185796938504,-2.1298727648049955
1.6728897854069464,-2.130362320065216
1.6727604434974415,-2.1308517309232577
1.6726501275886796,-2.1312676307955
1.672519916889793,-2.131756811233297
1.6723891623432692,-2.132245846582662
1.6722579177185155,-2.132734750629605
1.6721657328231152,-2.1330768991109736
1.6720402287596676,-2.1335411366111177
1.6719077494583308,-2.1340297075511696
1.671794715488471,-2.134444876939353
1.6716613584655924,-2.134933209028112
1.6715340888726449,-2.13539696560713
1.6713928896821721,-2.135909392170688
1.671251107270203,-2.1364216576416992
1.6711358291554053,-2.136836209515806
1.6710065753267878,-2.1372994169953174
1.670863135491811,-2.1378112208600406
1.6707259228122657,-2.1382984836239256
1.670594990265301,-2.1387612193831185
1.6704843814597652,-2.139150792450373
1.6703386296644442,-2.139661942720992
1.6702131593005005,-2.140099917111979
1.6700733031472916,-2.1405864277303746
1.6699470442481408,-2.1410241754509656
1.6698133377899433,-2.1414861173387982
1.6696790915886424,-2.141947902651686
1.6695584788453992,-2.1423609339634107
1.6694375423416068,-2.1427738706023836
1.6693019956865216,-2.143235275881418
1.6691659690132898,-2.1436965398680075
1.669036634485989,-2.1441333887651006
1.6689068287190476,-2.144570097858805
1.6687620804024448,-2.1450551754329825
1.6686314295553264,-2.14549163245944
1.6684710033517147,-2.1460248573043352
1.6683539620343992,-2.146412546373917
1.6682145041153837,-2.1468727845789504
1.6680598241748512,-2.1473813043006436
1.6679119777844658,-2.1478654465995395
1.6677933276446046,-2.148252646325425
1.6676519744831555,-2.1487123059867543
1.6675027247861627,-2.149196017528338
1.6673529658720547,-2.1496795716550374
1.6672103175043778,-2.1501388310236007
1.667082335944272,-2.150549638788642
1.6669313086778639,-2.15103279827881
1.6667949316654669,-2.1514675001208516
1.6666505209723945,-2.1519262083869104
1.6665285911713226,-2.1523123878890673
1.6663756910726526,-2.1527949579682923
1.666222183070846,-2.1532773350115377
1.6660758622990075,-2.1537354375713837
1.6659446510852516,-2.1541452252281506
1.6657975567151817,-2.154603079969955
1.6656345115365752,-2.155108979626997
1.6654942806494422,-2.155542453593379
1.6653615021930683,-2.1559517361165965
1.6652048219518263,-2.1564330921406705
1.6650555415466568,-2.1568902388201567
1.6648978915234771,-2.157371278102316
1.66477138370753,-2.157755982216996
1.6646127652353124,-2.158236703025096
1.6644456375881473,-2.1587412687174727
1.6642938953926412,-2.159197604150007
1.6641417339762927,-2.159653799967797
1.663997185510885,-2.160085853346556
1.663852280398877,-2.16051778724467
1.6637069364981714,-2.160949573693858
1.6635370070118647,-2.1614532026836293
1.6634397204071583,-2.1617409285156683
1.6632771267071007,-2.162220319395153
1.6631058438626465,-2.162723489709799
1.6629339624029293,-2.16322645585121
1.6628026100222897,-2.163609532915217
1.6626626286405053,-2.16401640822357
1.66248100761969,-2.164542791275006
1.6623236311924485,-2.1649972144085865
1.6621908353617123,-2.1653797934904753
1.6620326969886496,-2.165833952023436
1.6618823940883631,-2.166264037391039
1.6616981718416315,-2.166789515719554
1.6615722592299136,-2.1671476887841936
1.6613954562178328,-2.16764894607907
1.6612350102399536,-2.1681022945249984
1.661065590137618,-2.1685793156427415
1.6608956647443864,-2.1690561570016067
1.66076788293663,-2.169413667478909
1.6606056774763918,-2.169866389378591
1.660460223934583,-2.1702713407012473
1.660288627122352,-2.170747583134484
1.6601510215530024,-2.1711284586964856
1.659978560740856,-2.171604388930463
1.6598142751868832,-2.172056360146935
1.6596408391794433,-2.172531935878021
1.6595017904507339,-2.1729122869490722
1.6593274921525356,-2.173387547320413
1.6591702208656078,-2.1738151337241516
1.659012684329524,-2.1742426224681037
1.6588723020897245,-2.174622483375177
1.6586962896629298,-2.1750971115938733
1.6585198070057163,-2.1755715651676413
1.658351599365498,-2.176022091424862
1.65820957467288,-2.176401341300699
1.6580226101656812,-2.1768988977817214
1.6578440145239992,-2.177372560024055
1.6576558893265054,-2.177869678816887
1.6574852601073136,-2.178319293533586
1.6573412543684078,-2.1786977956261033
1.6571788664168663,-2.1791234651416387
1.6570160222257135,-2.1795489603269194
1.6568527804842348,-2.1799743031494705
1.6567164399045764,-2.1803286379852023
1.65653419457634,-2.180800907999285
1.656351419045922,-2.1812729730637184
1.6561864714848162,-2.1816976572799076
1.6560395211202936,-2.1820750258994015
1.6558645555116254,-2.182522970933957
1.6556798607752197,-2.182994288424175
1.6554945978751563,-2.1834653828673987
1.6553367121083147,-2.1838656507573875
1.6551504693593981,-2.1843363586899476
1.6549637555581829,-2.184806879980463
1.6547671347412019,-2.185300700224388
1.6546169759863603,-2.1856768037119
1.6544382062278218,-2.1861232441787513
1.6542495471978063,-2.1865929888946605
1.6540603466825499,-2.1870625157647914
1.6538801320515106,-2.187508374943691
1.6537280396343914,-2.187883700643176
1.653556545376275,-2.18830578369931
1.6533750798404399,-2.1887511352252016
1.6531836051232098,-2.1892197392771866
1.653030138686222,-2.189594505254859
1.6528282605785167,-2.1900861996954277
1.6526258737918587,-2.1905776849658363
1.6524422420918576,-2.191022147692753
1.6522775909462106,-2.191419680457449
1.6520833481553547,-2.1918871438839607
1.6518886189040267,-2.192354404888563
1.6516933190754581,-2.1928214276905433
1.65153674933837,-2.193194907810373
1.6513405118426066,-2.1936615373842625
1.651133870319225,-2.194151249000413
1.6509463465824286,-2.194594083692295
1.6507880577596354,-2.194966838479346
1.6505897239940361,-2.1954325809421666
1.6503710923681327,-2.1959446996083174
1.6501817608260898,-2.1963867644060073
1.6499919335434317,-2.1968286165542397
1.6498517626714455,-2.1971540635759728
1.649671168466534,-2.197572333964645
1.649469971590766,-2.1980368467602656
1.6492783815439267,-2.198477937425549
1.649106629478999,-2.19887245425434
1.648904090941767,-2.19933638363117
1.6487111752706896,-2.199776896132859
1.6485076192196892,-2.20024037995567
1.6483444141256334,-2.200611008585413
1.6481501621342862,-2.2010509334443764
1.6479349284211025,-2.201536929984038
1.6477293739516552,-2.2019995309726013
1.6475542321812258,-2.202392554710173
1.6473373602477621,-2.2028778224120824
1.6471406049383264,-2.203316633383082
1.6469225305004704,-2.203801361884289
1.6467560082742234,-2.2041705120327757
1.6465369910026333,-2.204654815265264
1.6463384241394174,-2.2050928094701496
1.6461394449531397,-2.2055306165197237
1.6459716173030556,-2.2058991750225645
1.6458035363859733,-2.2062676180923004
1.645603603242405,-2.2067049903171694
1.6454137440980083,-2.207119137494263
1.6451917677764234,-2.2076020916324577
1.6450328911997032,-2.207946910660563
1.6449055756053836,-2.208222667040358
1.6445972140192073,-2.2088887628064175
1.6443733062135502,-2.2093708245009256
1.6442023568130235,-2.209737945441787
1.6439881767717013,-2.2101966166010936
1.6437626946061152,-2.2106779439076836
1.6435581700548088,-2.2111131879982735
1.6433639856843425,-2.2115253248732043
1.6431476464081665,-2.211982981547255
1.6429199593070436,-2.212463269766564
1.6427134366638854,-2.212897569332252
1.6425391730778338,-2.2132631287502877
1.6423209043414622,-2.213719868370599
1.6421021249583019,-2.2141763636121654
1.6418828061508033,-2.2146325999318806
1.6417180034127565,-2.214974626229118
1.6415418643142052,-2.215339285663186
1.6414095244835514,-2.2156126663698608
1.6411111624898715,-2.216227483351743
1.6408895440078595,-2.2166826070340675
1.64071191415507,-2.2170465426307997
1.6404893896231834,-2.217501224011976
1.640255232641912,-2.217978391378499
1.6400317469129067,-2.2184326010717537
1.6398525930025116,-2.2187957888495684
1.6396282032901615,-2.219249552636572
1.6394146008479966,-2.2196804142439692
1.6392232309256456,-2.2200657969925506
1.6390428498975307,-2.2204283768734236
1.6388169395008865,-2.2208813854989997
1.6385679312791257,-2.22137944194098
1.6383410713237356,-2.2218319757894887
1.638170635301056,-2.222171230104886
1.637965721242089,-2.2225781387089065
1.6377375899036155,-2.2230300329645893
1.637520400536992,-2.223459097647187
1.637302849719408,-2.223887979177397
1.6371308439793286,-2.2242264403401952
1.6368896384675418,-2.224700083761189
1.636647895093778,-2.2251734528835665
1.636417229508572,-2.2256240588222433
1.6362323958421425,-2.2259843892270346
1.6359893579241127,-2.2264570950138833
1.6357805818679447,-2.2268620356773403
1.6355481904504967,-2.227311753980902
1.63535032126472,-2.227693840471762
1.6351404259116786,-2.228098202093708
1.6348950703871485,-2.228569709100002
1.6346726273617078,-2.228996073758513
1.634473269494979,-2.2293773856267247
1.6342264476025261,-2.2298481266675934
1.63397909588641,-2.2303185895422537
1.6337430147068321,-2.2307663819032717
1.6328783365161654,-2.2323992483398096
1.6221384161324859,-2.252631568338133
1.6103148827644005,-2.2749536402043344
1.598488369794358,-2.2973314062423302
1.586654083570115,-2.319790925531867
1.5747884964916057,-2.3423769768485307
1.565296110664201,-2.360491595688208
1.5534626097597677,-2.3830944754188725
1.5416868288670083,-2.4056418495145815
1.5299337968663242,-2.428229626153479
1.518286672547964,-2.450701281165606
1.5066486095436855,-2.473263100600582
1.4974294622984097,-2.4912058334197793
1.4858405121034461,-2.5138782305445924
1.4742394142270117,-2.536658089768663
1.4667470559727631,-2.551503693822073
1.4663149901872305,-2.5523629900977114
1.466303621999785,-2.552385604145517
1.4663036220253953,-2.552385604158391
1.4663036218259051,-2.5523856040581085
1.466314989982349,-2.5523629899947187
1.4663149899621304,-2.5523629899845552
1.4663149899621304,-2.5523629899845552
1.4663036220334826,-2.5523856041624575
1.4663149899553907,-2.5523629899811673
1.4663149899419117,-2.5523629899743914
1.4663149899419117,-2.5523629899743914
1.4663149899419117,-2.5523629899743914
1.4663149899419117,-2.5523629899743914
1.4663149899419117,-2.5523629899743914
1.4663149899419117,-2.5523629899743914
1.4663149899419117,-2.5523629899743914
1.4663149899284327,-2.5523629899676155
1.466303622216799,-2.5523856042546074
1.466314989842166,-2.552362989924251
1.4663149899796535,-2.5523629899933624
1.4663149905134258,-2.5523629902616847
1.4663036225672554,-2.5523856044307784
1.4663149907290909,-2.552362990370099
1.4663149907290909,-2.552362990370099
1.4665277219123611,-2.5519316979189637
1.4688815212473534,-2.5467465528985405
1.471376909396929,-2.540575483749606
1.472833092278922,-2.536634374935291
1.473696478532759,-2.5341476979401834
1.473696474944239,-2.53414769670787
1.473737193334649,-2.5340278725289638
1.47399583482337,-2.5332603372404785
1.473963524018209,-2.5333562856921383
1.4738825014055255,-2.5335960739684293
1.4739149084958927,-2.5335001579957606
1.473931094028555,-2.533452193926824
1.4739391885902398,-2.5334282124982788
1.474011353263668,-2.5332121489340764
1.4743585429344168,-2.532153983932961
1.474781520883157,-2.5308277129440704
1.4747584960547433,-2.530900069985135
1.4748264667061028,-2.530682650140081
1.4753130466086757,-2.5290845882768784
1.4756996253027135,-2.5277736215462343
1.4757492561136225,-2.5276035401211248
1.4758548591248433,-2.5272388623032365
1.4758829263940512,-2.527141587836684
1.4758689385453763,-2.5271902382299443
1.476191522433019,-2.5260452090645025
1.4762864264299869,-2.5257038048279754
1.4762999102195615,-2.5256550122999077
1.4764005269415041,-2.525288927340047
1.4765199776355438,-2.524849273200577
1.4767281627758109,-2.5240665448187674
1.4768438049434613,-2.523625873509468
1.476907428568967,-2.523380893773767
1.4771138970703632,-2.522571562791998
1.4774052122790473,-2.521392095020648
1.477571187799597,-2.5207031061578307
1.4777850701081399,-2.519791363000608
1.4779436111021809,-2.5191006248493406
1.4779436111021809,-2.5191006248493406
1.4782924178031005,-2.5174928408765966
1.4787471842117201,-2.515234939835526
1.4792698428835214,-2.51237154343841
1.4797264506876042,-2.509548147960606
1.4799887951754536,-2.5077703497963073
1.4801753865642024,-2.506416372818713
1.480312382497446,-2.505362190774886
1.4806477891859147,-2.5022926136462464
1.481041541930689,-2.497195207734173
1.4812020184520667,-2.4942382640508285
1.481309703752295,-2.4906458514528023
1.4813005953568414,-2.485431994603865
1.4811403237485652,-2.4807776769454546
1.4810210901846244,-2.4786296368761245
1.4803928037697576,-2.472003243777458
1.4812198939021837,-2.4771764921474912
1.4836314306122296,-2.48778786236973
1.4861387657012508,-2.496361977521445
1.4900441362581778,-2.5069515715421575
1.4946017834091743,-2.5170839950943056
1.4995838902373562,-2.5262137161527085
1.5039543830883941,-2.5326974522502095
1.510005824423486,-2.540363376601617
1.5150533509542419,-2.5455134667697465
1.5194374433983262,-2.5489003427964168
1.5183475618672382,-2.5484104900886257
1.5211190550385247,-2.5495218469981307
1.5301423386123556,-2.552459987735923
1.5315297533779408,-2.55274751754103
1.531555044350292,-2.552748516321209
1.5302565347373813,-2.5529568190277074
1.5292344314598298,-2.553248670030654
1.529592196656006,-2.5530594464158853
1.5300903658453624,-2.55267016519471
1.5307551205542842,-2.55197623819773
1.5306623253622924,-2.552127273989768
1.5294887567227544,-2.5545102916382074
1.5287135316828138,-2.5572635914721684
1.5272997219278404,-2.564128010254126
1.5261961055610533,-2.5746466238593384
1.5262044378677888,-2.582794275913085
1.5268499373150717,-2.588094257049605
1.5251879963072734,-2.580194472600733
1.5228201104877603,-2.571554592367445
1.5197951575235529,-2.562961578315942
1.5188480427279858,-2.5611163154642056
1.5189155183469125,-2.5612236433696336
1.5187384060850238,-2.5610431262452793
1.5191623057736965,-2.561363473767393
1.5198276545272036,-2.561728539736939
1.5202269208058132,-2.5618883513474406
1.520862368993748,-2.562059442116047
1.5325155778490303,-2.5649076843301226
1.5375132486848693,-2.5657106157978937
1.551668600974567,-2.5671003390801976
1.5677803498600316,-2.5681790081277334
1.5906363200284928,-2.569243045247663
1.6144654761236985,-2.5700411199769513
1.6279981905774266,-2.5697078560000057
1.6322141658656724,-2.5691606107836913
1.6542426873517804,-2.565391298632648
1.6711763312740227,-2.5617908711020125
1.691023683287102,-2.55697379797398
1.6943509387533988,-2.5557612790761586
1.6969535336539494,-2.5544040067216094
1.7140834918781334,-2.544337901161884
1.7331765987021552,-2.5325761438403025
1.7497722421615747,-2.5223096375518987
1.7627942370352434,-2.5143493207594627
1.7806659920474261,-2.503403713225833
1.798766860311662,-2.492154662721691
1.8165766776193186,-2.4808704018709262
1.8312906778015825,-2.4713692211422305
1.8525752306400929,-2.4575792447125595
1.8695825174945884,-2.446315950879773
1.8731002962478578,-2.4432653930990216
1.8856669514311177,-2.43191637581862
1.9013144200515728,-2.418282115787839
1.9168919490885716,-2.4055056269432464
1.9329550182826218,-2.39317835155478
1.9468576720569235,-2.382990095561397
1.9635413486092448,-2.371516847634634
1.981216635442817,-2.36002322726337
1.9996784021991432,-2.348492060975367
2.019688405467355,-2.336240077262119
2.036109062344964,-2.3263181916977373
2.05643549740124,-2.3142478373738986
2.0784447282528116,-2.301194279798519
2.098781567961494,-2.2888464863538935
2.1146720986266256,-2.2789320381541516
2.134483779318277,-2.266220847071684
2.153662287528097,-2.2534661246005925
2.1727791080236694,-2.2403041444222254
2.1877588825906256,-2.2296617210430787
2.206709871940201,-2.2157852087249306
2.2267272591345386,-2.200923848868147
2.2474159298016207,-2.1855230376096024
2.2635707938596292,-2.1735266188370685
2.2820537322473258,-2.1601689434488867
2.2992624228164864,-2.1484315354384127
2.3189049143868394,-2.135506383203564
2.3342105164161735,-2.125661787826949
2.3533867043455174,-2.113698050056164
2.3707234260425682,-2.1035348079880754
2.3873609468259063,-2.0947156720106137
2.4084899502421453,-2.0840006800114224
2.4218096123456863,-2.0777110544815884
2.432166388162136,-2.072972384543085
2.4302833866477,-2.0741591453182258
2.4258369327444615,-2.0779135218876976
2.4277040774429404,-2.076130758065917
2.434915680525779,-2.0686344261070686
2.4405810083398936,-2.062123812701069
2.4462955727891527,-2.0548658187387803
2.4509119451400907,-2.048459313882557
2.4631169502300416,-2.0306501504578303
2.477595511025525,-2.0095203335699496
2.4919528882534334,-1.9887988328189583
2.5035846532425494,-1.9721319061930065
2.5176486371441285,-1.9519153951867962
2.5309174424060914,-1.9327490701621197
2.5434651203453553,-1.9149005092607643
2.5541191347513497,-1.8998356680246222
2.5675387297988426,-1.880960670447122
2.580136874508286,-1.8635835662241125
2.592860641296756,-1.846518767205914
2.6062087003731476,-1.829037199260239
2.6171617878751383,-1.8149825457817597
2.629801540494433,-1.7993262895222408
2.639096617687212,-1.789000250244057
2.647360257521415,-1.7811650378264077
2.654668742195127,-1.7750312780152055
2.65145773687503,-1.7777797835332771
2.6498018052721934,-1.7794159033717967
2.648574294355947,-1.7811201904435607
2.6446725968743636,-1.7873356906391602
2.641822860633811,-1.7928690587660314
2.6415943145382115,-1.7934053092585753
2.641240631795337,-1.7952183035450084
2.641262482708367,-1.7948646835410953
2.6413607271335207,-1.798507182356078
2.641732742500226,-1.8010608530711463
2.643423494065924,-1.8077852184952292
2.645800408181024,-1.8151546191221593
2.6481577317796203,-1.8207241182890845
2.652758384670552,-1.829627865459282
2.6581476663855055,-1.838464795817516
2.66269940600356,-1.8449777364837618
2.6657449758326375,-1.848598500504026
2.668407958371363,-1.8510856083421035
2.6730562676119094,-1.8545457036037816
2.681125674738463,-1.8596351530111015
2.6804823110430425,-1.8592262331283769
2.682760546337311,-1.860068805385739
2.686692498426006,-1.8609156175152326
2.688534878818716,-1.8610351210745444
2.6892407159149014,-1.8609770017721778
2.6795243796205885,-1.8628493338172087
2.674891074253477,-1.8642184667881228
2.675110636081317,-1.8640925474164107
2.6755792300043546,-1.8637480012264387
2.676908499570579,-1.862394993133127
2.6780117977097944,-1.8608825018066888
2.6778462819249125,-1.8613089208236127
2.673185945354339,-1.8729378893502473
2.667048448851393,-1.889800507784505
2.660930285551456,-1.9079574871268972
2.654451088298132,-1.9281007335456701
2.6498608268361767,-1.943238981073846
2.644624999382719,-1.9622471091297995
2.6420637810427254,-1.9743801265651404
2.6389782039950442,-1.9943406818023133
2.635729278177558,-2.017679735265458
2.633531786101982,-2.035591707277553
2.6311488861050316,-2.058322568360937
2.6291870472224432,-2.081017341596888
2.627414984067326,-2.104844766106191
2.626171677102985,-2.12373620235311
2.6249824645980304,-2.146712728599712
2.623934997133083,-2.171267064127595
2.623052014941315,-2.1958277947526272
2.6226905361115835,-2.2136172680081483
2.6226712559427545,-2.2361435275471884
2.623024629351768,-2.259401285000024
2.6237101048604674,-2.2827022102116197
2.6244843579106982,-2.3017199623374585
2.625789068889711,-2.3238280219869454
2.6275731132404445,-2.346486743154984
2.629813247137067,-2.3687994571284694
2.631918026005428,-2.3853450980108812
2.635059089816829,-2.403911195420394
2.639056629047695,-2.4226491204744094
2.6438438812389506,-2.441331443838389
2.649034533351392,-2.459380160214137
2.6538895527173127,-2.475971601879219
2.6604589938763565,-2.4986015829789245
2.667257758445027,-2.5226402189461883
2.6732001937536403,-2.5443949983842815
2.6770465848839757,-2.5590076384834464
2.6819831171058595,-2.578671273495574
2.686044550342909,-2.5943786695367757
2.690201897399082,-2.609379204950668
2.6938421241308794,-2.622053628156875
2.69783812103735,-2.634938229206712
2.70215001366241,-2.647239070349037
2.706719943066366,-2.658795290513156
2.7116187856326412,-2.670601144788688
2.7189504049496906,-2.688576656862483
2.7274541290727283,-2.7100909866122644
2.736004430826794,-2.7315050599748916
2.742822968243598,-2.7481043620440633
2.7516031395883824,-2.7687942455684498
2.7606865728261236,-2.789712066577481
2.7701171575436376,-2.811251674447896
2.7774732521383516,-2.8277584838007126
2.7865837157762736,-2.847303903333912
2.796074583943795,-2.8668085697652548
2.806431334843651,-2.8878056514264676
2.8170522906656044,-2.909293292463293
2.8243755391304157,-2.9239971820444524
2.8305720270177055,-2.936829126695632
2.836491667332756,-2.9499300475073507
2.84191660619835,-2.9626402067023534
2.845339738020465,-2.970755939860723
2.8497733173475104,-2.981439483183868
2.8549133829903437,-2.994593977690283
2.8593031268993214,-3.006382562849047
2.8627380222696175,-3.0159331577636905
2.8674154635172604,-3.0299810923467043
2.87200771513563,-3.045541302279019
2.87596245178386,-3.061066603044971
2.8785955145595556,-3.072485695596549
2.8811754840609693,-3.084279996994026
2.8837116360399677,-3.0964459333618337
2.886121776219627,-3.1090242383999978
2.8878554464950743,-3.118484760289707
2.8898198504668686,-3.1294467838824125
2.8919135295662706,-3.142030343061272
2.894036599894516,-3.1555834394389644
2.8961217091791203,-3.168193892785647
2.8972666330600703,-3.1738494679221727
2.8992198511540255,-3.181631381453733
2.9032349568538542,-3.1953825493977885
2.9089097036652753,-3.212939087727427
2.9139064582751986,-3.2273334533079416
2.9213794736972636,-3.2483963618576097
2.9245308314759595,-3.2570537268423068
2.9350420452905466,-3.2833727530613928
2.9400312409652165,-3.293497774703784
2.9474423510247676,-3.306721313778528
2.9529508614015056,-3.31487959630169
2.9583321339681437,-3.3210979665423523
2.964952983931313,-3.3277195162687105
2.978236263731377,-3.339972664493396
2.9938046071147526,-3.3538120934611575
3.0019166818220993,-3.360198091285855
3.0091165828064366,-3.364906521752113
3.0141229683059456,-3.367452086404255
3.0179796198377082,-3.3688404397793494
3.02587281940676,-3.370535752720213
3.044521442910439,-3.373943420912773
3.060624856627955,-3.3766255926494115
3.081194389405502,-3.3797488445850967
3.1025075950622103,-3.38268126660858
3.1240301829274313,-3.385380265039088
3.1415270048714805,-3.387427706109437
3.1636148055838365,-3.389873150931584
3.185921351963703,-3.392177331744405
3.208918478720019,-3.3944449123092917
3.2274830459112818,-3.3962690921324215
3.2510300339120026,-3.398634346688943
3.2748974054144746,-3.40110134167242
3.299751529447034,-3.403622235260374
3.3198240372071735,-3.4056294490387233
3.344539295232232,-3.4080106991388175
3.368722198134916,-3.4100991187861416
3.393324425121149,-3.412030015347397
3.4129653921831142,-3.413442067187001
3.4365388945304183,-3.4148350165308985
3.4596768431586895,-3.415827591383828
3.483054112336382,-3.4164944054466346
3.5001127650116817,-3.416610420842481
3.5216733719112945,-3.416215097487399
3.542911901569186,-3.415247175019898
3.563856447555495,-3.413623916220055
3.5855075511162307,-3.4113827128585443
3.603367750144935,-3.409178943719614
3.625338055304816,-3.4060134338731385
3.6471453281135204,-3.4022996332219932
3.669245942461815,-3.3980743494041317
3.6863290429015496,-3.394446878777201
3.7074336359370412,-3.389437283615126
3.730014429442203,-3.3836482521713718
3.753033972981713,-3.3774380538685853
3.7711580818696886,-3.3723267319790957
3.794001283481679,-3.3655852084441795
3.8168858706178708,-3.358542154602046
3.8393908179732086,-3.351304863712014
3.8566792678274546,-3.345462978376203
3.878344094972671,-3.3377189919344943
3.9010188312925016,-3.3293448026510473
3.9248104990699755,-3.320488340917557
3.943409589753936,-3.31349938127846
3.96655744411445,-3.304657279441639
3.989211742351569,-3.2958020186150305
4.0115065157204395,-3.2867959775859603
4.033787584891746,-3.27755595582415
4.0517868330481335,-3.269951249456436
4.073564900212038,-3.260497911525846
4.09480245410333,-3.2508870187966985
4.116336350684368,-3.2408299123875928
4.134224812289754,-3.2323585574328946
4.156860986839381,-3.221553266355216
4.179662230804371,-3.210623794413342
4.20279130018938,-3.199617247701981
4.221367152745837,-3.1908232991512704
4.243689557131723,-3.180481165601153
4.26453456095727,-3.1712953219784747
4.284011785388238,-3.1634930698348467
4.300130518399248,-3.15753253000596
4.319717794847076,-3.1509850796933407
4.340978830993839,-3.1446064462546217
4.362700279052429,-3.1386394075030823
4.38057677797213,-3.134069835812501
4.402948911993408,-3.128811905739679
4.424283456268739,-3.124369451927255
4.445835563474738,-3.120519341300939
4.468762852881243,-3.1169098785141425
4.486268513623232,-3.1145328084250585
4.5073361581842875,-3.1123099693678715
4.527337797418119,-3.110990500478528
4.549165389908594,-3.1101745492567408
4.568420209769277,-3.109670954368577
4.592940142745752,-3.1091230530808875
4.616019444474606,-3.1086915889246423
4.64112435705121,-3.1082855564363117
4.660056114652679,-3.108157372099349
4.682225623582601,-3.1084761783864123
4.706386584018246,-3.1091960505440532
4.7309966251760125,-3.110116624220864
4.750643909348056,-3.1109828188038744
4.7751882108227655,-3.1122429230986306
4.799544486888936,-3.1136939009907243
4.8231713981575375,-3.115430209580534
4.841678355872782,-3.1170519390177436
4.865118566862159,-3.1194651125451176
4.8890809251550555,-3.122227358830561
4.9135986378100815,-3.1252489438995203
4.938708798207449,-3.128428653446194
4.959046244291436,-3.131018280488439
4.984384074311132,-3.134213331167976
5.009925810540734,-3.137409758161427
5.035492298024632,-3.1406122316159966
5.055781986955819,-3.143176022040607
5.081135555042174,-3.1464477226090826
5.1063272163429865,-3.149786248226019
5.131559772725471,-3.1532008366325215
5.151620103766463,-3.155955226242756
5.176533641806031,-3.159459713214816
5.20145556316535,-3.1630843118266907
5.226210027184082,-3.166803193281725
5.2466284012184286,-3.1699109083281414
5.271412663800938,-3.173601504859117
5.295472177042527,-3.176999097029083
5.319212096178498,-3.1801173800568376
5.335496722149991,-3.182272348226333
5.351027546602374,-3.1845187992319626
5.372410575171575,-3.1878479291211925
5.39678312908203,-3.1915532440700005
5.415921681339136,-3.1943181243846617
5.437647901644978,-3.1970171117479524
5.459633850467262,-3.1992203337741336
5.48136462806673,-3.20085238954677
5.5034534092822485,-3.202053881589563
5.5211549758677885,-3.202802777759599
5.545532855897154,-3.2038274955668924
5.56860981445202,-3.2050374138421733
5.588717559259609,-3.205786156009047
5.606304959948154,-3.2061146284605395
5.61983901643737,-3.205717338416644
5.634904956553979,-3.2042854936597194
5.655045651995381,-3.2015598938431835
5.668318992646035,-3.1996180094545013
5.684821288866285,-3.197024089873576
5.703288083196798,-3.1937487598748935
5.720962059962985,-3.190228964453319
5.734695335094492,-3.187397555234812
5.753826671932679,-3.1834244514779275
5.763512701594194,-3.1810535154391704
5.765504174203083,-3.180469162275004
5.770101917314088,-3.1788964192847584
5.776464833656483,-3.1764045683066997
5.782136185701959,-3.1738971059712724
5.783238488974816,-3.1733862819076566
5.78433496230374,-3.172863073612753
5.785902068575952,-3.172092238764926
5.786173720417706,-3.1719563854654753
5.786128462996475,-3.1719790634107086
5.785902350309574,-3.1720928005516065
5.785517854828811,-3.1722859469509173
5.785042689068349,-3.1725241395093646
5.784635227272142,-3.1727279513498665
5.784159615947145,-3.172965252958871
5.783819749887572,-3.173134465823903
5.783366375754864,-3.1733596417832652
5.78289008292482,-3.173595572563009
5.7824362323465754,-3.17381978668029
5.782050279552752,-3.1740100042940247
5.781641431572196,-3.174211020985151
5.781164199819886,-3.174445046717951
5.7807549338856745,-3.1746452111019323
5.780413746702037,-3.17481174408237
5.779958581307534,-3.17503327687176
5.779525935984603,-3.175243242938577
5.779093070651965,-3.1754527550563756
5.778659980796612,-3.1756618026279235
5.778295103660739,-3.1758374903142568
5.77786160472864,-3.176045688293855
5.777450737944152,-3.176242545803007
5.778903328126075,-3.1755256180451537
5.77917510665989,-3.1753900183550554
5.778790111705412,-3.1755821672462643
5.778359625230434,-3.17579652469085
5.777974353027336,-3.1759881170790765
5.777656980903392,-3.1761457196587486
5.777203384200682,-3.1763704469444667
5.776749569262998,-3.1765947332134536
5.776318213128808,-3.176807335189157
5.775977510782944,-3.17697485784988
5.775500291108794,-3.177208908201955
5.775091055513507,-3.177409134603914
5.774590605630224,-3.1776532968858593
5.774249231924563,-3.1778194471889827
5.773816647307171,-3.1780295383137274
5.7737710493995476,-3.178051524460748
5.7737710804868785,-3.1780515879079565
5.773430097163103,-3.1782185379062344
5.7729525143117515,-3.178451846305451
5.772474735948719,-3.178684754074274
5.772042251910182,-3.1788950521452723
5.771586770916756,-3.179115935334168
5.771222210565136,-3.1792922794155465
5.77081190559375,-3.1794903052047907
5.770355760763204,-3.1797098142446574
5.769899393505813,-3.1799288604646225
5.769556984341227,-3.1800928662488985
5.769260168356516,-3.1802348764030635
5.768986265599991,-3.180366132342062
5.768552496129367,-3.180573766083096
5.768187021452208,-3.180748207310439
5.76772993906952,-3.1809657573294583
5.767272622098212,-3.1811828138078337
5.766837941909103,-3.1813885341327612
5.766448842125593,-3.1815722285929637
5.766082502586781,-3.181744846200221
5.765739015151834,-3.1819065815382963
5.7652349874648925,-3.182143269921226
5.764891180792833,-3.1823043255086945
5.764455483706536,-3.182507883280235
5.763996583658871,-3.1827215724575577
5.76356036544101,-3.1829240110468646
5.763078001012251,-3.18314726593622
5.763100749808774,-3.183136159492685
5.763467235130875,-3.1829638516044723
5.763421360140876,-3.1829852542102977
5.763512801548609,-3.1829417965116593
5.763215790875699,-3.1830833990206826
5.76273582794391,-3.183311771029055
5.762255612120199,-3.1835396107594454
5.761798002944869,-3.183756050500803
5.761408874063364,-3.183939683328284
5.760973781992285,-3.184144531108719
5.7605155887840525,-3.184359731736951
5.760103036757924,-3.1845530325686644
5.75973618226014,-3.1847245530142647
5.759277419800779,-3.1849385374255745
5.758795492556051,-3.185162734484255
5.758336312040105,-3.1853758203332703
5.757968828208894,-3.185545988252117
5.757509263585364,-3.1857582444060992
5.7570494660755775,-3.18596999561448
5.756612422631334,-3.1861706464230557
5.756129138097451,-3.1863919024764553
5.75576076847641,-3.186560144287362
5.755300084918237,-3.186769960834069
5.754862201880887,-3.186968772702431
5.754377978204077,-3.187187965811471
5.75398583994449,-3.1873650812541134
5.753524250838876,-3.187572898052438
5.753062402566351,-3.187780138225273
5.752554100197612,-3.188007501375758
5.75218428293156,-3.188172536759005
5.7517449309659,-3.1883680810473893
5.751282263406308,-3.1885734856693166
5.750865682505857,-3.1887579436246614
5.750495256464796,-3.188921608030225
5.750055190937121,-3.189115541124209
5.74959174862738,-3.189319191696946
5.749545355569232,-3.189339445746963
5.749637898620618,-3.1892983863771702
5.7495454172370595,-3.1893395845227737
5.7491060308921185,-3.1895350515705316
5.748620150551144,-3.1897505474465415
5.74829609262206,-3.189893900489382
5.747832955471538,-3.190098244081319
5.747369644558813,-3.19030219342125
5.746952545353744,-3.1904854763703185
5.746465695532415,-3.1906987729472687
5.7461177970483215,-3.1908507879824786
5.745653712511532,-3.1910529707477155
5.745166179884977,-3.191264701992594
5.744724916503307,-3.1914558939290307
5.7443996850164245,-3.1915965641775124
5.743934903976934,-3.1917971406314636
5.7434699061688,-3.191997214011647
5.742981427790478,-3.192206754124801
5.7425625585105236,-3.1923859548629605
5.742120237186912,-3.1925746863325744
5.741654434148018,-3.1927728777935043
5.741258343271423,-3.1929409680142142
5.740862111993566,-3.193108726993461
5.740419085242464,-3.193295796558177
5.739929227083869,-3.1935020904397304
5.7394624341571925,-3.1936979390744122
5.739135550385431,-3.1938347258858917
5.73866837251278,-3.194029654496983
5.738154283605701,-3.194243612229694
5.7377101188911634,-3.1944279636158885
5.737289216783353,-3.194602336207386
5.736914949215503,-3.194757014175561
5.7364703280872025,-3.1949402620300877
5.736002083797733,-3.1951326148417745
5.73555705471548,-3.195314869699407
5.735135275975751,-3.1954871110091783
5.734666421645921,-3.195677972063611
5.734244273170469,-3.1958493052105954
5.733775009947843,-3.196039158684878
5.733352498644443,-3.1962095951093468
5.732929817610313,-3.1963796101887985
5.732483492487334,-3.196558667751006
5.73206046774624,-3.196727825783552
5.731660764843863,-3.1968871364593037
5.73119035064384,-3.1970741198878163
5.730743275470468,-3.19725129639194
5.730272445802701,-3.19743723116028
5.729895636294697,-3.197585609325956
5.729424433542974,-3.1977705965758747
5.728953030863474,-3.197955073786177
5.72850500525442,-3.1981298329661376
5.728033202443263,-3.1983132843981035
5.727655641619787,-3.198459740231456
5.727183514580794,-3.1986423556338774
5.726711186308907,-3.1988244499114953
5.72623865961733,-3.199006028671152
5.725884137278908,-3.1991418809434453
5.72538761350592,-3.199331571038764
5.7248908757633306,-3.19952070009207
5.724417623721734,-3.1997003798946215
5.724038926313338,-3.1998438712172153
5.723565358845483,-3.2000227179956373
5.723138982064258,-3.20018323971856
5.722665028604271,-3.20036106109823
5.722285739974438,-3.2005029822592674
5.721811441897327,-3.2006798824006637
5.721384420479652,-3.2008386812895164
5.720886029314483,-3.2010234093005008
5.720482437370504,-3.2011725932417
5.720978858923103,-3.200982614529913
5.722371220359913,-3.200442831793875
5.7220410879124595,-3.2005715804341945
5.721569330305018,-3.2007551480755927
5.721333424258615,-3.2008468618762524
5.721003174442607,-3.2009753091466293
5.720578404183172,-3.20114003501315
5.7200826550731785,-3.2013317405097976
5.71970479722021,-3.2014774282825553
5.719255912867074,-3.2016499697627787
5.718783189414804,-3.201831035653487
5.718333930492165,-3.202002599462418
5.717955479511195,-3.2021467394591863
5.717505870722831,-3.2023173842662143
5.717056072665018,-3.2024875295897823
5.716582408090127,-3.202666119040436
5.716227049870398,-3.2027997695800483
5.715729349380579,-3.2029863504018907
5.715255154118348,-3.203163525958187
5.714780758466673,-3.2033401642456036
5.714424835155087,-3.203472302528984
5.713950094903523,-3.203648012560243
5.713475183024116,-3.2038232581967105
5.713023855569693,-3.203989304131421
5.712548620851922,-3.204163672402024
5.712215875388662,-3.204285508747131
5.711859310335671,-3.2044159054569965
5.71159786239452,-3.204511620169439
5.7120005887981105,-3.2043601040684515
5.713442366792982,-3.2038077899379735
5.713583918115519,-3.203752781425066
5.7134423907828715,-3.2038078516030644
5.712640151942638,-3.204119270820002
5.71228606604872,-3.2042562566210084
5.711766547492516,-3.204456670647964
5.711341336753593,-3.2046202561336203
5.710915963947006,-3.20478341973141
5.710514119951372,-3.2049372498647717
5.710064853529549,-3.2051087940306866
5.709639082831037,-3.205270916516466
5.709189476550428,-3.205441567959034
5.70881072064356,-3.2055849047648115
5.708337081145308,-3.2057635607049937
5.707863247739689,-3.205941701750694
5.707412906637277,-3.206110404464528
5.706914937971598,-3.20629626835716
5.70655910890937,-3.2064286602233896
5.706108219010732,-3.206595890667131
5.705633399223596,-3.206771385656386
5.705158394490437,-3.206946379429449
5.704754486167105,-3.2070947046225267
5.704279115885899,-3.2072687029553126
5.703803536883368,-3.207442129979155
5.7033277780008165,-3.2076150629279034
5.702970840389618,-3.207744436311505
5.702494753467333,-3.207916464108736
5.702042307584681,-3.2080794378736712
5.701613533265421,-3.2082334410195847
5.701279945376027,-3.2083529515055043
5.700827068294137,-3.2085147231744777
5.70037402820008,-3.2086760377551475
5.699896936490932,-3.2088452589685836
5.699419654813186,-3.2090139436357528
5.699061570906425,-3.2091401095787275
5.698536201552373,-3.209324642384789
5.698082294158944,-3.209483500176616
5.697604318173176,-3.209650207337796
5.697245721626377,-3.2097749087629146
5.696767431683997,-3.209940713040257
5.696288950045543,-3.210105963269655
5.695834209934019,-3.2102624214114583
5.695427227913756,-3.210402092230937
5.695139871720758,-3.2105004652958513
5.694924321553915,-3.210574148563629
5.694660832849145,-3.2106640931832824
5.694469175679396,-3.21072942237516
5.693126771210938,-3.211184358824112
5.692647036770856,-3.211345936030493
5.6922151175107825,-3.2114908847497916
5.691759055087551,-3.211643445525228
5.691326880343885,-3.211787630725361
5.691158778388155,-3.21184360078478
5.691230757196388,-3.2118194196585095
5.690702986293482,-3.2119969673624946
5.690535051260029,-3.212053436224222
5.690774706965256,-3.211972022409387
5.690343415168387,-3.212118827637101
5.6899119799392635,-3.2122652107786696
5.689528385466295,-3.212395044400542
5.689024770966571,-3.2125650168184103
5.688568952193688,-3.2127183040196665
5.688112952318685,-3.2128710516428343
5.6875847730279725,-3.213047380695962
5.687200495754358,-3.213175179203108
5.686768036104873,-3.2133185076245514
5.6862873488434005,-3.2134772277394936
5.685830523633419,-3.213627488996587
5.685445701367657,-3.2137536369446282
5.684964490396628,-3.2139107621081635
5.684483117605337,-3.2140673908481316
5.684025643751941,-3.2142156655589917
5.68359211782888,-3.2143557357380814
5.683158452118789,-3.2144953725271743
5.68272466424796,-3.2146346293743018
5.682266639122499,-3.2147811923484677
5.681784334145078,-3.214934926623403
5.681398383173377,-3.2150575778919848
5.680939922252139,-3.215202771905101
5.680433035347114,-3.2153627214425007
5.679974261538246,-3.2155069237709797
5.679853422507703,-3.2155445264697144
5.680936935312234,-3.215193419413271
5.680600043441282,-3.2153032716331915
5.680839975310841,-3.2152226641997994
5.681846717235317,-3.2148812818703423
5.681607196728403,-3.2149630926957626
5.681128060535464,-3.215126435375555
5.680624783329808,-3.215297403908335
5.680169277328834,-3.2154516180587414
5.679785580382773,-3.2155811485139565
5.679329791803482,-3.215734525471277
5.678873863953663,-3.2158874879572963
5.678369745886736,-3.2160559609650083
5.6779855336853275,-3.216183954978006
5.677481082097574,-3.216351426698189
5.677024503328083,-3.216502435142368
5.676543699239511,-3.2166608009949154
5.676014606190387,-3.216834368973193
5.675653738594206,-3.2169523372121493
5.675172428463053,-3.217109158400486
5.674690944037689,-3.2172654436114394
5.674233377385835,-3.217413431719773
5.67382384608459,-3.217545440854541
5.673365972441914,-3.217692476366278
5.6728838285485335,-3.21784671510866
5.672377357257856,-3.218007975790264
5.6719913550136205,-3.218130465593444
5.67155696276416,-3.2182678255364614
5.671098301673899,-3.2184123860189082
5.670663640924134,-3.2185488939409908
5.670204672608892,-3.218692475974528
5.6697938926763936,-3.218820546840115
5.669334639907511,-3.218963216445416
5.6688268524445995,-3.2191202835442554
5.668367255880111,-3.2192618417208725
5.668004330475607,-3.219373318542218
5.667471856913576,-3.21953622099507
5.6670118408532,-3.219676409962785
5.666527445300152,-3.2198234244700106
5.666115587567508,-3.219947985729224
5.665630886127878,-3.2200939885792077
5.665170273138692,-3.2202322036246507
5.6646852582961085,-3.220377161981318
5.664224367134526,-3.2205144465677225
5.663811876235923,-3.2206368947596697
5.663302194138921,-3.2207877004412264
5.66281662539635,-3.2209307924143524
5.663252490436688,-3.2207981646271313
5.664534007645725,-3.2204016275581906
5.664340734273702,-3.2204620078304504
5.66378495961532,-3.2206352366973925
5.663325699964892,-3.2207778841383248
5.662914668758266,-3.2209051462589113
5.662455124544392,-3.2210468742585068
5.6619470307337565,-3.2212029475381962
5.661462954093322,-3.22135100876653
5.66097872575241,-3.221498573108606
5.660639683101883,-3.2216015960295996
5.660155213565399,-3.221748366558822
5.659694797390118,-3.221887235792135
5.659234235500705,-3.2220256210088234
5.658846295165404,-3.2221418267758284
5.658361212776711,-3.2222865589160974
5.6578759678681765,-3.2224307452723258
5.657390565657155,-3.2225744011624795
5.657026423675668,-3.2226818374160806
5.656540752420248,-3.222824581043037
5.656054922986848,-3.2229667854448083
5.655593236051584,-3.223101369578137
5.655107084490278,-3.2232424687505126
5.65474237160118,-3.223347950681727
5.654255941118062,-3.223488085294999
5.653793679545513,-3.223620682266692
5.6532825947058685,-3.223766663316115
5.65308782029324,-3.2238220124088244
5.656666192250336,-3.2227141542221744
5.656786779219578,-3.222675754290884
5.656304414796693,-3.2228293019821135
5.655942543975686,-3.22294415596824
5.655459899919938,-3.223096822398058
5.654977110416458,-3.223249028259078
5.65449416774067,-3.223400747377597
5.6540352043738915,-3.223544345231389
5.653600254883509,-3.223679930324997
5.653141009645444,-3.2238226241859804
5.652657425311905,-3.2239722855041246
5.652149478853112,-3.2241288376546517
5.651738166167281,-3.2242551870817997
5.651302534098061,-3.2243885627859976
5.650794131894626,-3.22454362854543
5.650309782167262,-3.2246907939655816
5.64994641034688,-3.224800806904309
5.649485982299975,-3.2249396367748187
5.6489527131871045,-3.225099915820257
5.64851629011915,-3.225230680078277
5.648152506637741,-3.2253393240166854
5.647667295630798,-3.2254836243861447
5.64720620491138,-3.225620237244276
5.646720667233039,-3.225763434585654
5.646234969154311,-3.225906086944144
5.645846312575794,-3.226019874242112
5.645384646531642,-3.2261545300562333
5.644898520666127,-3.2262957177333664
5.644387924891773,-3.226443400301295
5.644023123936483,-3.2265485772639355
5.643536586764623,-3.2266883410092797
5.643049890164028,-3.226827548542896
5.6425630354922625,-3.226966202253068
5.642197804825055,-3.227069877180419
5.641686339792077,-3.2272145205414953
5.641223451926639,-3.2273449143619906
5.640736043847801,-3.2274816099533337
5.640346017077324,-3.2275906081316164
5.639882733482729,-3.2277195888710635
5.639419337994023,-3.2278481670637915
5.638980234263697,-3.2279696261044126
5.63851661777163,-3.2280974050891547
5.638126114494872,-3.2282046835935434
5.637662268154728,-3.228331625690688
5.6371494632103465,-3.2284714444280587
5.6366609402479835,-3.2286041005219204
5.63629447160498,-3.2287033107317877
5.635830168996684,-3.2288285737092983
5.63534129660518,-3.228959936216326
5.634852295722437,-3.2290908195932833
5.634460995365009,-3.22919515326665
5.634020675738429,-3.2293121276550902
5.633482364024815,-3.2294545559327075
5.633017327266299,-3.2295770652612483
5.632601145425014,-3.229686312559654
5.632111382577765,-3.229814315199062
5.631645987125232,-3.22993545477991
5.631155957623072,-3.230062432764333
5.630763835490009,-3.2301636341271096
5.630298082592729,-3.230283392050144
5.630444622330716,-3.230243494058293
5.633296026122321,-3.229444178959658
5.633271697405572,-3.2294511606783525
5.632906706713785,-3.2295556773108762
5.632419925115544,-3.229694587358306
5.631957338204356,-3.229826044853956
5.631445907034806,-3.2299708079021046
5.631080499496213,-3.23007385769237
5.6306175161074705,-3.2302039119196113
5.63010565419723,-3.2303471445133596
5.629642415646341,-3.230476286943553
5.629252231400557,-3.2305847200552815
5.628788760918431,-3.230713027616351
5.628300759973646,-3.2308475913893715
5.627861442488179,-3.230968274979668
5.627495262441732,-3.2310685451399297
5.627080164491328,-3.231181841198198
5.626616107817118,-3.2313080122287228
5.626127490417217,-3.231440320039662
5.6256387196644075,-3.2315720602033675
5.625223170887916,-3.2316836913616402
5.624758607392169,-3.231807983288454
5.624244993887946,-3.2319448019609207
5.6237801651990615,-3.232068098403025
5.623413109847016,-3.2321651153957114
5.6228991015579535,-3.23230044340863
5.622433910952566,-3.2324223672319254
5.622139984189616,-3.2324989040041268
5.621894929176994,-3.2325622372979983
5.621600708762179,-3.232637637314438
5.621257256565623,-3.232724839428698
5.620913590568659,-3.2328111949983556
5.6206434375079946,-3.2328785272564944
5.620299432849361,-3.2329635237756436
5.619979826059514,-3.2330417419991986
5.619684645268817,-3.2331132900305763
5.619487790122476,-3.233160707514044
5.619241619786646,-3.2332195568103956
5.618995350654806,-3.2332779913352474
5.618724322485224,-3.233341709803785
5.618502495868952,-3.233393517542014
5.618206592640127,-3.233462016467921
5.617935232910199,-3.2335243078130014
5.617614379237152,-3.2335972428024093
5.618082796203843,-3.233488366801168
5.620712557191219,-3.2328412237217394
5.621864913961749,-3.2325458822722526
5.621791377399552,-3.2325648045359023
5.621570686337316,-3.2326212540553816
5.621349913058727,-3.2326773811118787
5.6210308696593,-3.2327578665174297
5.620711638639404,-3.2328376044751783
5.620465971088402,-3.2328985185681183
5.620171038137577,-3.2329710814585777
5.6198759701693355,-3.2330430933542424
5.619556157576406,-3.233120465816214
5.619679077625443,-3.2330903572526495
5.620907086335406,-3.2327844682030205
5.620956177544858,-3.232772116014463
5.620833430193767,-3.2328029195532486
5.6204895561833705,-3.232888443129012
5.6201700853960626,-3.2329672149421396
5.619924289583809,-3.2330276093442945
5.6212006801000625,-3.2327065323444297
5.6211025258875456,-3.232731348540384
5.621102560252867,-3.232731485608033
5.62122546889267,-3.2327013325899543
5.621373147029967,-3.2326659228859023
5.621570296701653,-3.2326197459642168
5.622359135209068,-3.232436062765934
5.624915843235655,-3.2318098890390083
5.629975373099367,-3.2304493217260934
5.6306830822550555,-3.2302545959225286
5.63090301990979,-3.230195279691556
5.6310253534907995,-3.2301628721860767
5.631221398089966,-3.230112208444979
5.631417716277833,-3.2300626151980616
5.632426037768526,-3.2298172855980374
5.636246779683229,-3.2289267453146513
5.642790182088405,-3.227341999868489
5.652118846900747,-3.224898808000648
5.659557610959209,-3.2228350933370646
5.668714322156227,-3.2201505864951683
5.67288214530077,-3.2189837782208524
5.680681289073436,-3.216894619131199
5.691318154421504,-3.213955675091126
5.7021111998064535,-3.210825169916178
5.711450388895008,-3.2079566570310565
5.7235489255817695,-3.2039932991257816
5.733946472810108,-3.200449657042149
5.743842116785131,-3.1970032494233798
5.750444501832192,-3.1947209095380007
5.758284295887709,-3.192067679195972
5.76817345031906,-3.1886800343339012
5.777726246149152,-3.185326751682839
5.7865823087431805,-3.182129380794095
5.793335082339694,-3.1797403767323353
5.8019594860457895,-3.176722545854696
5.8101407195505015,-3.1738944497475288
5.825155974849785,-3.1689980574893766
5.842970872746727,-3.1636413393313334
5.860362801144346,-3.1591197123084513
5.876256213324208,-3.1546834678079256
5.898748272934043,-3.1477416475588487
5.914364367983937,-3.143069550888533
5.930362988853802,-3.138351758239836
5.949443011281525,-3.1330885419632444
5.9692913025685215,-3.128056757656582
5.987005170678552,-3.1236698392291244
6.009877711081797,-3.1180023276914257
6.032243984097969,-3.1126090130137314
6.052796523090108,-3.108021885169287
6.065962372834186,-3.105198294082773
6.075467867302903,-3.102835256552253
6.094500359598179,-3.0976854217610637
6.102016174107755,-3.0953471310606493
6.1098083378564425,-3.092486250213583
6.117394984423358,-3.0892426520638594
6.122693022090852,-3.0867111540074554
6.130690888159765,-3.082295014623322
6.1370381533883345,-3.078316992973357
6.146410998664666,-3.0714566984888267
6.155407299499554,-3.0637527981387
6.160886196305761,-3.0584959525026796
6.161030867938517,-3.0583542821389487
6.160886075558442,-3.058495829071435
6.160632298238087,-3.0587431359580672
6.160450704716253,-3.0589194506360657
6.160195964265415,-3.059165765293404
6.159995467033865,-3.0593589418204847
6.159739737945384,-3.0596042299036545
6.15950183996842,-3.0598315427856027
6.159245106873134,-3.060075779820079
6.159043016126218,-3.060267288678113
6.1588221383455615,-3.060475768462205
6.15858240760664,-3.060701147625445
6.158342168040441,-3.060925984300623
6.15811993971919,-3.0611330238880754
6.157915882671332,-3.0613224362305393
6.157674314542364,-3.0615458448980655
6.157842116427565,-3.0613917879213823
6.158104252814816,-3.0611533598216893
6.158217095679481,-3.0610517273629263
6.158349342822526,-3.0609338224839973
6.15857684823316,-3.060732596046385
6.158691223219383,-3.0606326909305537
6.1587486102902105,-3.060582967770131
6.159384061113288,-3.0600408918372866
6.160334912787733,-3.059244634343142
6.161433925768162,-3.058349552724146
6.163498766854236,-3.0567169622243164
6.164863893960144,-3.0556687773162117
6.164957166345648,-3.055582673699985
6.173464579169438,-3.047973878974269
6.176719842225846,-3.0448959632149
6.177308914211892,-3.0443400869753705
6.177624025836704,-3.0440470916061546
6.178015946088298,-3.0436880427548285
6.178354402977279,-3.0433830664433046
6.178694925262558,-3.043080397915996
6.178942600365913,-3.0428637801651184
6.179287471933103,-3.0425660763805946
6.179634732267252,-3.0422711629797092
6.178950283229369,-3.0428726931333223
6.1783068549783255,-3.043517409656307
6.1723402290416685,-3.0505693299546253
6.166150470394495,-3.059053968604161
6.1604526118210545,-3.0680866135159754
6.156332244604701,-3.075553666808442
6.151781639612467,-3.0852431945070355
6.147898215652456,-3.095165111142023
6.144763825585819,-3.1052155078041914
6.142746384264216,-3.1132673626016762
6.140802580639147,-3.1236919553965987
6.141984916493876,-3.116987062020625
6.1448083295443645,-3.104574056058545
6.14758757250852,-3.0947084419909596
6.151955504835274,-3.0819997289170264
6.15620706959588,-3.0718447952723977
6.1622837213926696,-3.05985941097737
6.166902552371433,-3.052095313745011
6.173307164060453,-3.0429871233871326
6.180432963695491,-3.034364624914901
6.190691190395977,-3.02383153606023
6.2003012802921775,-3.0155243329149006
6.208402825461974,-3.009541786679931
6.219059352251575,-3.002956966748159
6.230327626759836,-2.9973717765460908
6.24453093355143,-2.9916550959353487
6.260760498556073,-2.9859260873882016
6.284694252532561,-2.977691658132625
6.308750963121046,-2.9695038371939133
6.3326768717681565,-2.961482430127479
6.351990496030634,-2.95507167615831
6.376203809201612,-2.94711273578376
6.398857957524464,-2.9399266053411925
6.419437024078965,-2.934011791199698
6.43920929852182,-2.9290970738183524
6.452912269980955,-2.926381667269223
6.466171969952486,-2.924730772832664
6.480966367232146,-2.9241908149697196
6.496214755151995,-2.9247840826171134
6.507035064731033,-2.925932905763382
6.520147980509806,-2.9283683981496367
6.538561993546843,-2.9328727914400656
6.560630697035123,-2.9388175756476898
6.5794656185179985,-2.9441124891652724
6.6016344260343995,-2.9507243077676466
6.624435121680348,-2.957866732803077
6.647633003402584,-2.965429151281353
6.666377677203872,-2.9717056928976087
6.689763838494793,-2.979742281770885
6.713394146924954,-2.9880019716281105
6.736759922157576,-2.9963266971457534
6.755594082654012,-3.00311673086351
6.779179008906462,-3.0117290795945015
6.802729561021513,-3.0204349111213737
6.8252871276551685,-3.0290489022504556
6.847948832549566,-3.0379546213708464
6.865884355281263,-3.045182927952337
6.888118695692818,-3.0544034182258595
6.910007075006294,-3.063792878395458
6.93266067987341,-3.073708191637829
6.9507938580111235,-3.081767615017554
6.973426872315565,-3.0919785947019034
6.9957400028659364,-3.102280597425618
7.016343724402427,-3.1122309851676313
7.0328126745162125,-3.120494801786715
7.053092065189163,-3.131090520811829
7.071544713598571,-3.1413403542505542
7.085299669373398,-3.150129971502871
7.096772626137531,-3.1582342745457024
7.114222561419695,-3.171330243822935
7.132436287128859,-3.1855111001152294
7.151689245225372,-3.2008676894668797
7.167418559521932,-3.213538305851589
7.187339753019222,-3.2296796014751648
7.207237224495097,-3.245850132683708
7.226897797825115,-3.2619107070741795
7.242836854891259,-3.274965432167678
7.262748671576189,-3.29131843153895
7.282536437865003,-3.3075831901042654
7.301492352543655,-3.3230660812004396
7.3202073157937395,-3.3382837291721232
7.335210550690345,-3.350483589509156
7.354125439312843,-3.3658565542461876
7.373620372494221,-3.3815991453654686
7.392991174914697,-3.3970921540209575
7.408537063640867,-3.40942470730784
7.427829404451201,-3.424527393691907
7.447448936993178,-3.439745531657367
7.467302010928902,-3.4550754609169485
7.483212953404169,-3.467310726971835
7.5027723308203225,-3.4821916092069163
7.52205999791699,-3.4965920300030597
7.542461990790891,-3.5117421066404635
7.558822540807705,-3.52388612411099
7.57921380080509,-3.538965660315215
7.599927920047529,-3.5542897050323683
7.620501418788491,-3.5695484509328255
7.63666329628115,-3.581620197611358
7.656434477551599,-3.596598873903807
7.676567698383845,-3.611979580206208
7.696802976949442,-3.6274351586333196
7.717156331290468,-3.6429446137366837
7.733413684704874,-3.655310233632172
7.753591055464415,-3.6705910870871223
7.773611534189491,-3.6856596688595107
7.793495550234564,-3.700488253955689
7.809167117508002,-3.712074080095541
7.828275125772125,-3.7260790042434846
7.847387830376358,-3.7399916695712347
7.866554669297426,-3.7538296586192583
7.882299609920096,-3.765142960643606
7.902465938675923,-3.7796287217388973
7.922828285021302,-3.794361896359777
7.940961014130436,-3.8080233779337536
7.9532530091744045,-3.8179389481925097
7.967400847545861,-3.830404112214488
7.9842551179185985,-3.845990663977679
7.999724483142512,-3.861086671283849
8.011101066995641,-3.8728650549590715
8.025822456628243,-3.888898894853948
8.04238785254962,-3.907292928929182
8.059579331431074,-3.9264514882350485
8.076514345296763,-3.9454319521598076
8.090030089367152,-3.9606788860271394
8.106911006376356,-3.979876326385995
8.123585134819704,-3.9990192866542857
8.14009594832437,-4.0181698086156805
8.15307809506738,-4.033377689884515
8.168666692372689,-4.051983310115802
8.183671903596604,-4.07041406397571
8.197922226640808,-4.0886054197959405
8.209200527191642,-4.10346354145491
8.222792063376525,-4.122089535841552
8.235777812022416,-4.14071259344498
8.248140760959915,-4.159361044375386
8.25752108535095,-4.174211827479385
8.268115775175167,-4.192174962762067
8.276348967051579,-4.207861681816827
8.281601219180288,-4.22022995203477
8.285059927648206,-4.2302796412765575
8.288772117294533,-4.244220102608955
8.29416434429757,-4.266586556579618
8.2984714422083,-4.2858791613953935
8.302740145439786,-4.305646746868085
8.306298823786994,-4.322330773103763
8.309938429994265,-4.340729335554977
8.313276654348137,-4.359442046086484
8.316232581263689,-4.378039499202371
8.318131962888694,-4.391906498118073
8.320020669085798,-4.409115308895642
8.321165984231595,-4.4253996201575845
8.321595226049885,-4.44068064725123
8.321673817773688,-4.454980742949466
8.321431246734633,-4.47302553048456
8.320835175291247,-4.491998941351529
8.319829404090708,-4.509459342366302
8.318691083742756,-4.52424737869311
8.316895043475526,-4.541618576679319
8.31469787795885,-4.557744115358203
8.3117444564371,-4.576213816574387
8.30910905845002,-4.591066854375619
8.305404997457819,-4.610381215111362
8.301504994498838,-4.629656989715731
8.297376294233418,-4.6490921453451355
8.293890275451938,-4.665066891858377
8.289358853644414,-4.685243096131998
8.284659954638453,-4.705614813094728
8.280325195264925,-4.724952649593714
8.28007831302919,-4.726349583490882
8.280066853309798,-4.7256668929831
8.280029508357089,-4.7254680046082225
8.278513820353853,-4.72141464048104
8.275182836383186,-4.714679926584387
8.272647387514818,-4.710776606652306
8.26812245846714,-4.7053577324581335
8.2615175994591,-4.6991226113844435
8.255643127390197,-4.694770768272606
8.250662653665723,-4.691911248023218
8.242901093885804,-4.688505718385618
8.2356895118261,-4.686217830804528
8.230746373192368,-4.6854113799579595
8.22981044535191,-4.685379670176882
8.220100798901404,-4.685754430933024
8.207485759480273,-4.687257079749312
8.19490199466149,-4.689884365977281
8.185625057157761,-4.69242066739763
8.184071606770333,-4.692879814071423
8.183683220663863,-4.692994521169906
8.183416035732046,-4.693072806069312
8.183100097688245,-4.693164728507949
8.182856933511061,-4.6932349727115
8.18251630281028,-4.693332616703945
8.182248502284539,-4.693408769134942
8.181907452279011,-4.693504938271646
8.18166371737292,-4.6935731758332215
8.181395482077718,-4.693647782440867
8.181078281499069,-4.693735248859761
8.18083415285616,-4.693802064102106
8.180589923710645,-4.693868511058356
8.180272259988893,-4.693954280168204
8.179954416812558,-4.694039381905585
8.179660843453801,-4.694117263199405
8.179416080474983,-4.694181715911216
8.179122217142503,-4.694258495864389
8.178803702789457,-4.694341050083462
8.178509516842592,-4.694416584475421
8.178215186790363,-4.694491555346563
8.177896158389412,-4.694572100117716
8.177503276695353,-4.694670311311695
8.17718386781285,-4.694749333760305
8.176815126042866,-4.694839729559559
8.176544581924238,-4.694905472892795
8.176200072176542,-4.694988398473563
8.175879991912781,-4.695064655985765
8.175535101681596,-4.6951459845359835
8.17528864513409,-4.695203623402
8.175017429282782,-4.695266538211673
8.174672066919163,-4.695345838015889
8.174375891564791,-4.695413150522938
8.174104278272345,-4.69547432669724
8.173783116531535,-4.695545892881112
8.173437091717942,-4.6956222502610006
8.17316507585848,-4.695681610907123
8.172892962555004,-4.695740523222447
8.172571221736904,-4.695809439293169
8.172249337357517,-4.695877681787809
8.171927289564044,-4.695945148818394
8.171605102516004,-4.696011947671052
8.17133237475653,-4.696067946579722
8.17100994185296,-4.696133548580123
8.170687355898012,-4.696198393668103
8.170339804904593,-4.69626747270957
8.170091458674465,-4.696316331824001
8.16974362698488,-4.69638398331347
8.169420509240044,-4.696446124462932
8.169146981038914,-4.696498072909993
8.16887337686565,-4.696549619720826
8.16859967157565,-4.696600626798696
8.168276087724136,-4.696660293262374
8.16792746953232,-4.696723767451973
8.167678378810693,-4.6967686771931
8.16740429607507,-4.696817615536486
8.167105187294325,-4.696870386385969
8.166756087151395,-4.696931153983401
8.166456747977533,-4.696982601824975
8.166257143281156,-4.697016636141582
8.166032526215751,-4.697054560548217
8.165732946165228,-4.697104586706062
8.165383300592776,-4.697162133022193
8.165108488140959,-4.6972067919768365
8.164758602083742,-4.697262857612853
8.164433587156585,-4.697314159502088
8.164108449472895,-4.6973646774946465
8.163783204171736,-4.697414497880398
8.16348289182184,-4.697459921546861
8.163207532566735,-4.697501074989244
8.162932091466743,-4.697541676872263
8.162581426216072,-4.697592642457226
