0.0
0.0
0.0
0.0
0.0
0.0
0.0
0.0
0.0
0.0
0.0
0.0
0.0
0.0
2.3874140485591506e-10
2.3874140485591506e-10
2.3874140485591506e-10
2.3874140485591506e-10
2.3874140485591506e-10
2.3874140485591506e-10
2.3874140485591506e-10
2.3874140485591506e-10
2.3874140485591506e-10
2.3874140485591506e-10
2.3874140485591506e-10
2.3874140485591506e-10
2.3874140485591506e-10
2.3874140485591506e-10
2.3874140485591506e-10
2.3874140485591506e-10
2.3874140485591506e-10
2.3874140485591506e-10
2.3874140485591506e-10
2.3874140485591506e-10
2.3874140485591506e-10
2.3874140485591506e-10
2.3874140485591506e-10
2.3874140485591506e-10
2.3874140485591506e-10
2.3874140485591506e-10
2.3874140485591506e-10
2.3874140485591506e-10
2.3874140485591506e-10
2.3874140485591506e-10
2.3874140485591506e-10
2.3874140485591506e-10
2.3874140485591506e-10
4.590020374561225e-10
4.590020374561225e-10
4.590020374561225e-10
4.590020374561225e-10
4.590020374561225e-10
4.590020374561225e-10
4.590020374561225e-10
4.590020374561225e-10
4.590020374561225e-10
4.590020374561225e-10
4.590020374561225e-10
4.590020374561225e-10
4.590020374561225e-10
4.590020374561225e-10
4.590020374561225e-10
4.590020374561225e-10
4.590020374561225e-10
4.590020374561225e-10
4.590020374561225e-10
4.590020374561225e-10
4.590020374561225e-10
4.590020374561225e-10
4.590020374561225e-10
4.590020374561225e-10
4.590020374561225e-10
4.590020374561225e-10
4.590020374561225e-10
4.590020374561225e-10
4.590020374561225e-10
4.590020374561225e-10
4.590020374561225e-10
4.590020374561225e-10
4.590020374561225e-10
4.590020374561225e-10
4.590020374561225e-10
4.590020374561225e-10
4.590020374561225e-10
7.678949451599235e-10
7.678949451599235e-10
7.678949451599235e-10
2.5311454260986142e-05
5.0622140627027124e-05
5.062217570277855e-05
5.062217570277855e-05
5.062217570277855e-05
5.062217570277855e-05
5.062217570277855e-05
5.062217570277855e-05
5.062217570277855e-05
5.062217570277855e-05
5.062217570277855e-05
5.062217570277855e-05
5.062217570277855e-05
5.062217570277855e-05
7.593286206881953e-05
0.0001012435484348605
0.0001012435484348605
0.0001012435484348605
0.0001012435484348605
0.0001012435484348605
0.0001012435484348605
0.0001012435484348605
0.0001012435484348605
0.0001012435484348605
0.0001012435484348605
0.0001012435484348605
0.0001012435484348605
0.0001012435484348605
0.0001012435484348605
0.0001012435484348605
0.0001012435484348605
0.0001012435484348605
0.0001012435484348605
0.0001012442288290064
0.0001012442288290064
0.0001012442288290064
0.0001012442288290064
0.0001012442288290064
0.0001012442288290064
0.0001012442288290064
0.0001012442288290064
0.0001012442288290064
0.0001012442288290064
0.0001012442288290064
0.0001012442288290064
0.0001012442288290064
0.0001012442288290064
0.0001012442288290064
0.00012655491519504737
0.00015186560156108835
0.00015186560156108835
0.00015186560156108835
0.00015186560156108835
0.00015186560156108835
0.00015186560156108835
0.00015186560156108835
0.00015186560156108835
0.00015186560156108835
0.00015186560156108835
0.00015186560156108835
0.00015186560156108835
0.00015186560156108835
0.00015186560156108835
0.00015186560156108835
0.00015186560156108835
0.00015186560156108835
0.00015186560156108835
0.00015186560156108835
0.00015186560156108835
0.00015186560156108835
0.00015186560156108835
0.00015186560156108835
0.00015186560156108835
0.00015186560156108835
0.00015186560156108835
0.00015186560156108835
0.00015186560156108835
0.00017717628792712932
0.0002024869742931703
0.0002024869742931703
0.0002024869742931703
0.00020248738690469768
0.00020248738690469768
0.00020248738690469768
0.00020248738690469768
0.00020248738690469768
0.00020248738690469768
0.00020248738690469768
0.00020248738690469768
0.00020248738690469768
0.00020248738690469768
0.00020248738690469768
0.00020248738690469768
0.00020248738690469768
0.00020248738690469768
0.00020248738690469768
0.00020248738690469768
0.00020248738690469768
0.00020248738690469768
0.00020248738690469768
0.00020248738690469768
0.00020248738690469768
0.00020248738690469768
0.00020248738690469768
0.00020248738690469768
0.00020248738690469768
0.00020248738690469768
0.00020248738690469768
0.00020248738690469768
0.00020248738690469768
0.00020248738690469768
0.00020248738690469768
0.00022779807327073866
0.00025310875963677963
0.000253108780003345
0.000253108780003345
0.000253108780003345
0.000253108780003345
0.000253108780003345
0.000253108780003345
0.000253108780003345
0.000253108780003345
0.000253108780003345
0.000253108780003345
0.000253108780003345
0.000253108780003345
0.000253108780003345
0.000253108780003345
0.000253108780003345
0.000253108780003345
0.000253108780003345
0.000253108780003345
0.000253108780003345
0.000253108780003345
0.000253108780003345
0.000253108780003345
0.000253108780003345
0.000253108780003345
0.000253108780003345
0.00025310882488522045
0.00025310882488522045
0.00025310882488522045
0.00025310882488522045
0.00025310882488522045
0.00025310882488522045
0.00025310882488522045
0.00025310882488522045
0.00025310882488522045
0.0002784195112437581
0.0003037301976022958
0.002100788929366106
0.013718299871612227
0.04155958260162912
0.06504786782790098
0.07400785080034648
0.09650901209138571
0.13169086572956124
0.1566724190195295
0.16565771267834106
0.18884207167231765
0.2204788409280923
0.23260265849113163
0.23450095996834458
0.2388036789154166
0.24254962623938986
0.24806718489940244
0.2568753037536667
0.2753773481460771
0.29924530424767665
0.3247330071840769
0.33462948429394934
0.3376161452847745
0.3456396324932356
0.3607501053373835
0.36776111649346016
0.370849020229727
0.380644255475853
0.40387946488286136
0.4286079634754002
0.43799822811600836
0.4622711185968332
0.4958313728785587
0.5067908976770846
0.50838547091795
0.5138778835737802
0.5354171060759355
0.5569311307483197
0.5698902021660969
0.5874051964053105
0.6038317929393116
0.6244844651580045
0.6356716979468752
0.6588055736360153
0.6679174207266421
0.6942909291399935
0.7175767355123831
0.7270682428984554
0.7459496457144575
0.7694375091448554
0.7939888723216628
0.8041637682395282
0.8298541127872876
0.8654662399967511
0.8911059639042811
0.9013821025676032
0.9264396101906217
0.9581024203984245
0.9811096330476565
0.9877916542474435
1.0041410098703223
1.0200100194640074
1.044330780516173
1.0554168611430959
1.0704247770851842
1.0898628354196043
1.1166130160604104
1.1374179576365993
1.1459729696272407
1.1663982048700494
1.1923403961260344
1.210994031236218
1.2185619264587038
1.237569800395857
1.263714406277345
1.2813557976098067
1.288619964595945
1.3074760836172303
1.3318495278445976
1.3496427092753531
1.3569574976342087
1.3756362055367886
1.394290021635594
1.4137519615917193
1.4222816628960098
1.4356698716361636
1.4527024228022025
1.4811506443617597
1.5047401421475803
1.514054474729113
1.537137641152949
1.5666464999152272
1.576770774460368
1.5932725770738083
1.6128876941362738
1.6434366768732003
1.6607744343348247
1.6649000762119717
1.6719363822518376
1.69306877976673
1.710760666836352
1.718682911667925
1.73295800950287
1.746574832213761
1.7577872159601078
1.7711765690460626
1.7852235841654167
1.8038517659036368
1.8361224542411734
1.8455633402545286
1.8514611598877784
1.8526001407741002
1.8545978496447797
1.8557365246884858
1.8564958452793696
1.862746759734138
1.867884861537548
1.8872728352843082
1.8969668281612864
1.9211890651261696
1.9547506427074164
1.9793779389077057
1.9897046989437448
2.014939443254964
2.05052613888073
2.0736344861760285
2.08236667297121
2.104311037198304
2.1135747398193443
2.114156885802846
2.114764342273203
2.1152199345849634
2.1153464880167787
2.1154984034571194
2.117194219443434
2.1245089838604696
2.133215857806502
2.14809528316832
2.1622436631126662
2.169836869021518
2.179151105229335
2.185858343202706
2.1981846356512427
2.2030949088056317
2.21686391772201
2.243186706636469
2.266472531605741
2.276723359582697
2.297755341653547
2.300413051280338
2.3128398084500374
2.313042293940936
2.316585468204534
2.316585468204534
2.3289623250165103
2.3486539017485732
2.358069477075555
2.3665484748250925
2.3671306041676843
2.3698641334083193
2.3709018715491994
2.371762372498154
2.3765962278388013
2.3802155416138646
2.3822150858365267
2.3847966311130455
2.3887699222200736
2.3907946795819983
2.391351514681976
2.39279407553402
2.3961592683384287
2.3972475853930084
2.3984371224243235
2.4003606661818857
2.401600889813672
2.4023357312681086
2.4052460722827482
2.408434557466865
2.4095229169804697
2.411067043915476
2.4155975756224675
2.4175464984724124
2.4223807626016
2.429112994873959
2.4331878951019403
2.4337194195155596
2.434630669137256
2.435567049209568
2.437794121196736
2.4385534417876196
2.439793503280184
2.442881393397526
2.447690345259048
2.4496898894817103
2.454600037183841
2.4594849200624536
2.4663184047240234
2.4712285986503884
2.4760375112607025
2.479985877069321
2.4848200965854232
2.487680204144426
2.4916285674686978
2.4964881368541865
2.503397538710334
2.5082571142963492
2.5101807264599283
2.5149896393910174
2.521721911737336
2.526454922295707
2.5278976314183916
2.529972210689688
2.53000085225851
2.5344537692983824
2.53640269214832
2.5454727735806224
2.548231638394168
2.5535381690220196
2.5596367007857603
2.575553473107731
2.576641832621336
2.5778038655305213
2.580409824109905
2.5822321935280277
2.586381712250282
2.5963274201769644
2.612975096922959
2.621327623422702
2.643955325099043
2.675036634568539
2.6974618543876883
2.706244662555594
2.727910374419466
2.7577004928932034
2.77827793169862
2.7866051475120046
2.8078152918407913
2.828924209333268
2.8567644821464264
2.8764558828252853
2.8955141365424946
2.9032338958831616
2.9310743778382067
2.951423999235215
2.9597765257349655
2.989440101705062
3.0118906473428066
3.0366951110832403
3.0467687642556567
3.071851642862679
3.1062992261047895
3.129433033498672
3.138519569902933
3.174256497696004
3.192049615627491
3.2141708814044714
3.2229790002587433
3.2451255555452954
3.2762305947428274
3.2971873982762983
3.3175616753774335
3.3372270731338975
3.344896211101855
3.371443425988399
3.3896915266141683
3.4091040382676057
3.4177096716309716
3.450739632445996
3.4738987594239203
3.4832130920054527
3.5065241589183556
3.540465584636357
3.5644600712500383
3.5742553068724656
3.613309386945434
3.632596060034995
3.6564133214101218
3.6810659283280165
3.6913926883640555
3.717158964559118
3.7517839300722677
3.775322831586571
3.8001779201180694
3.8102515732904934
3.845787770073596
3.871478110052068
3.8815770739108504
3.9072927297979527
3.9434363725448836
3.968595146930566
3.9932476933363086
4.00301761827237
4.037338899854509
4.062598940896078
4.072292933773048
4.111448435818013
4.12893792971692
4.1521731147968675
4.1626011175783635
4.18839270461019
4.213070623503968
4.247062857235609
4.272702579785611
4.282902786389843
4.308517195100361
4.344205224778105
4.359518190027624
4.380095777971647
4.4057354957282575
4.439980673865864
4.464861069591089
4.475035965508955
4.5146976449688365
4.534541159878121
4.5582065936672596
4.56772341173969
4.604979563157408
4.622595410077265
4.6438814120790655
4.65263890956062
4.686881624774476
4.70409248242841
4.725429073931567
4.747499824518232
4.771342272466931
4.788603790757068
4.810092106982728
4.832593263111031
4.857169855826277
4.866534809780527
4.88901039776102
4.921610173315773
4.945351491627791
4.954842999013856
4.9869107171840845
5.009285080034729
5.030849314215314
5.039556190324137
5.070788328732039
5.092023553984813
5.10009766293456
5.121915032791906
5.1518816808416075
5.175597749040345
5.1853676739764065
5.224016745297578
5.243885630890239
5.259223906826124
5.29455755308775
5.304656516946532
5.326423533159458
5.35740348131673
5.37863894466361
5.386662432240632
5.407720689572112
5.439181780057047
5.462796603773837
5.472035004296279
5.509772919004026
5.519137872958283
5.549433802698043
5.57127669286949
5.5797557728010485
5.609925601312171
5.635210973525574
5.660217923555488
5.6848198585641825
5.70881432458086
5.727670557573096
5.750196962966421
5.759536606234312
5.781100647118109
5.801627353468019
5.831290842272543
5.853184410079642
5.861967218247555
5.884189876903829
5.914840454791738
5.936810048049704
5.945972516513056
5.969384871328659
6.0027949661439495
6.02661231815827
6.050024693311591
6.075461923973724
6.096115443487789
6.121400804846986
6.13142383664667
6.1721487282026954
6.192751624076219
6.218391331588174
6.23380553958315
6.254383125122404
6.289033177225452
6.295436060164436
6.29627131281441
6.29996151514466
6.30003744720375
6.306541971838688
6.310819463655968
6.317298530687016
6.321550498758399
6.326840123321409
6.3330409807316395
6.338052348142111
6.339874743103888
6.347669351628477
6.3581470200685954
6.368877051586371
6.378139091134084
6.38464378048221
6.385884004013792
6.386567392545488
6.387250781077279
6.387782305490899
6.388389761963536
6.3889719077497436
6.389655296281242
6.390288063440317
6.390794277167569
6.391452355012997
6.391958568717828
6.392616646563262
6.393148170976873
6.393831559508671
6.394464326667738
6.394768054904094
6.395426132749528
6.396134831967688
6.397121948735835
6.397754715894896
6.398438104426686
6.398969628840297
6.399627706685732
6.400235163158439
6.400943862376594
6.401171658553858
6.402006911202365
6.402639678361422
6.403323066893201
6.403829280620451
6.404512669152209
6.40517074699764
6.405449164547629
6.4061072423930625
6.407069048474818
6.4077271263202595
6.408435825538415
6.409144524756572
6.409650738483825
6.410359437701975
6.4106125445656055
6.411245311724682
6.411903389570087
6.412890506336761
6.413497962809448
6.4141560406548805
6.414687565068507
6.415345642911901
6.415649371148263
6.416585866543676
6.417092080270911
6.417800779489022
6.418458857334425
6.418737274884414
6.41914224583598
6.420002809171424
6.42063557633046
6.4208886831940895
6.422027664080413
6.422584499180393
6.423014780848556
6.423951276243978
6.424229693793967
6.4251914998756705
6.425849577720785
6.42648234487954
6.4271151120386
6.4276719471385695
6.428304714297404
6.428912170769347
6.429190588319328
6.4302536371453325
6.4308104722453105
6.431493860777108
6.432151938622526
6.432810016467958
6.433341540881567
6.434024929413316
6.434733628631472
6.435417017163273
6.435999162949613
6.43668255148141
6.437340629326831
6.437644357563186
6.4385302315854664
6.439188309430898
6.439821076589975
6.440504465121767
6.441187853653559
6.441694067380511
6.442352145225953
6.442984912385006
6.4436683009168005
6.444225136016775
6.444883213862206
6.445541291707613
6.445845019943976
6.446781515339395
6.447490214557554
6.448173603089355
6.448856991621147
6.449135409171136
6.450097215252913
6.4508059144710685
6.451463992315807
6.451793031238528
6.452628283888499
6.453311672420299
6.4539444395793675
6.454577206738162
6.455083420465415
6.455741498310848
6.456399576156281
6.456677993706278
6.4576144891016956
6.4582725669471195
6.458955955478895
6.459664654697051
6.4601961791106195
6.4608795676424124
6.461588266860572
6.462246344705992
6.462550072942355
6.463511879024122
6.46414464618313
6.464828034714221
6.465359559127844
6.465992326286907
6.466650404132177
6.467232549916503
6.467510967466492
6.468447462861894
6.469105540707304
6.4697636185527445
6.470421696398172
6.47092791012543
6.471611298657218
6.472319997875377
6.473003386407169
6.473534910820787
6.47419298866622
6.474851066511653
6.475559765729559
6.4758381832795555
6.476749367988584
6.477407445834009
6.478065523679385
6.478343941229374
6.479179193879335
6.4798119610382034
6.4804953495700035
6.481153427415437
6.481659641142685
6.48231771898811
6.482570825851748
6.483633874678897
6.484165399092505
6.484848787624306
6.485101894487936
6.4857599723333665
6.486721778415138
6.487354545574211
6.488063244792366
6.488696011951426
6.489252847051398
6.4899362355831895
6.4903412065650015
6.491201769901142
6.491834537059583
6.492340750785384
6.493024139317162
6.493606285103123
6.49426436294847
6.494795887362086
6.495453965207515
6.4961120430529276
6.496795431584723
6.497326955998341
6.497959723157396
6.4983646941392
6.499124014708754
6.499630228435999
6.5002883062814325
6.500971694813223
6.501629772658657
6.502186607758611
6.502819374917675
6.503477452763116
6.504135530608536
6.504641744335794
6.505274511494861
6.5059325893403015
6.506565356499357
6.5071981236584335
6.507729648072048
6.508362415231114
6.509045803762913
6.509729192294706
6.510260716708325
6.510944105240112
6.51157687239917
6.512260260930952
6.512791785344226
6.5134245525031
6.514082630348523
6.514766018880317
6.515297543293935
6.515854378361201
6.516183417265382
6.516765563051028
6.517018669914659
6.517727368910338
6.518081718485566
6.518638553582716
6.51932194211406
6.519878777214035
6.520536855059466
6.521220243591263
6.521878321436652
6.522308602997411
6.522561709656215
6.522991991317148
6.523624758475136
6.524181593575111
6.524864982106843
6.525497749265904
6.5261558271112445
6.526687351524852
6.527345429370236
6.528028817902035
6.528661585060973
6.529319662906359
6.52987649800631
6.530483954478341
6.531142032323774
6.531825420855574
6.532356945269167
6.533065644487326
6.533723722332768
6.534432421550921
6.534913324591806
6.53559671312083
6.536229480276736
6.536887558122167
6.537140664985797
6.538026539008489
6.538735238226648
6.53941862675844
6.539924840485701
6.540582918331131
6.5412409961765565
6.5418737633356265
6.542557151867393
6.543113986967378
6.543518957949182
6.544455453344585
6.545138841876384
6.545670366290003
6.546404376194529
6.547087764726322
6.547745842571755
6.548327988358107
6.549061998262615
6.549694765421684
6.550327532580009
6.550859056993613
6.551491824152682
6.552200523370839
6.5528586012162675
6.5533901256298766
6.554048203475311
6.554706281320744
6.555414980538903
6.555946504952419
6.556629893484196
6.557287971329627
6.557971359861405
6.558654748393194
6.559211583493172
6.55989497202497
6.560603671243128
6.56128705977492
6.561793273502172
6.5625019727203355
6.562755079583966
6.563767507037623
6.56432434213758
6.56500773066884
6.565640497827908
6.56632388635969
6.566830100086936
6.567462867246
6.568171566464143
6.568854954995943
6.569108061859573
6.570044557254979
6.570702635100418
6.571386023632176
6.572069412163958
6.5726262472639485
6.573334946482096
6.574018335013885
6.574701723545676
6.575258558645659
6.575866015118359
6.576549403649507
6.577182170808582
6.577688384535843
6.578371773067632
6.579055161599419
6.579713239444835
6.580219453172089
6.580826909644799
6.581510298176588
6.582168376022023
6.58272521112199
6.583383288967413
6.584066677499207
6.58477537671733
6.585433454562716
6.585990289662682
6.586698988880828
6.587331756039891
6.587989833885312
6.5885466689852885
6.588926329280727
6.589786892616929
6.590470281148676
6.591001805562264
6.591659883407706
6.592343271939499
6.592976039098542
6.593431631453047
6.594115019984838
6.594773097830266
6.595456486362043
6.595709593225672
6.596671399307455
6.597354787839243
6.598012865684648
6.5985697007846165
6.599253089316299
6.599658060298111
6.600619866379883
6.601277944225316
6.601809468638903
6.602442235797971
6.603075002956988
6.603733080802378
6.604264605215997
6.604922683061429
6.605580760906858
6.606213528065919
6.6067197417931744
6.607377819638604
6.608086518856762
6.60876990738856
6.6093014318021535
6.609934198961225
6.610617587493012
6.611300976024802
6.611807189752055
6.612490578283846
6.613173966815637
6.613832044661042
6.614490122506476
6.615021646920088
6.615629103392806
6.616287181238231
6.616919948397308
6.617502094183645
6.618160172029063
6.61876762850178
6.6194510170335725
6.619957230760831
6.620615308606227
6.621298697138012
6.621982085669808
6.6224882993970615
6.6231969986152
6.623880387146955
6.6245384649923675
6.625095300092114
6.625753377937549
6.62646207715568
6.626740494705661
6.627752922155164
6.62828444656849
6.62889190304112
6.62949935951381
6.630208058731962
6.630739583145588
6.631372350304654
6.632030428150086
6.632663195309155
6.633194719722764
6.633599690704568
6.634536186099692
6.635244885317808
6.63577640973142
6.636459798263214
6.637143186794995
6.63777595395406
6.63833278905399
6.639041488272046
6.639724876803846
6.640408265335636
6.640914479062884
6.641572556908326
6.642205324067392
6.642888712599185
6.643546790444597
6.644078314858212
6.644432664467292
6.6453691598627
6.646027237708134
6.646584072808111
6.647242150653552
6.647950849871709
6.648608927717143
6.649165762817113
6.649849151348871
6.650507229194305
6.651190617726091
6.651747452826043
6.652481462730557
6.653139540575991
6.653822929107782
6.6543544535214085
6.654987220679519
6.655366880974965
6.6559237160747005
6.656986764901935
6.657467667942546
6.65812574578798
6.658758512947052
6.659340658729841
6.659872183143456
6.660504950302495
6.661188338834289
6.661922348738803
6.662479183838396
6.663061329623859
6.663744718155638
6.664453417373794
6.664959631101055
6.665668330319213
6.666326408164647
6.666984486010081
6.667642563855133
6.668148777582386
6.668756234054828
6.66946493327298
6.670097700432048
6.670603914159308
6.671261992004743
6.6718694484347525
6.6722237976404575
6.67250221498986
6.673286845047704
6.6736918160271035
6.674349893872538
6.674881418286157
6.675564806817944
6.676248195349746
6.676906273195173
6.677210001431527
6.678121186140574
6.678779263986009
6.67938672045871
6.679943555558695
6.680601633404124
6.681285021935708
6.681538128799332
6.682398692108356
6.682879595149246
6.683613605053762
6.684271682899185
6.684929760744605
6.685435974471847
6.686094052317006
6.686701508789715
6.687384897321489
6.687688625557843
6.68857449958054
6.689257888112332
6.689890655271402
6.690472801057736
6.6911055682168055
6.691788956748598
6.692447034594029
6.69300386969372
6.693636636852622
6.69434533607078
6.695003413916208
6.695636181075278
6.6961170841161595
6.696775161961586
6.697433239807028
6.69768634667065
6.698572220693309
6.699230298538742
6.699812444316495
6.70034396872603
6.700875493139624
6.701558881671425
6.702242270203173
6.70292565873497
6.703406561775871
6.704064639619192
6.7046214747191355
6.705279552564569
6.7059882517826805
6.706494465509908
6.707152543355343
6.707835931887124
6.708468699046196
6.709000223459754
6.709405194441566
6.7102910684642
6.710873214241534
6.711278185215217
6.711936263060621
6.71256903021969
6.71322710806513
6.713733321792374
6.714442021010496
6.715100098855548
6.715682244640248
6.716213769053864
6.716871846899263
6.717555235431042
6.718213313276457
6.7188967018082035
6.719453536908159
6.720086304067235
6.72071907122631
6.7213518383853765
6.721883362798784
6.722566751330566
6.723224829175544
6.72385759633351
6.72441443143349
6.725072509278907
6.725679965751615
6.726312732910677
6.726869568010661
6.727552956542452
6.728185723701515
6.7288944229195895
6.729375325960304
6.73000809311938
6.730691481651165
6.731349559496599
6.731653287732954
6.732589783128351
6.733247860973781
6.733905938819215
6.734538705978271
6.735120851764622
6.735778929610042
6.736437007455234
6.737120395986984
6.737626609713864
6.73825937687293
6.738917454718365
6.7395502218751195
6.740031124912675
6.740663892071721
6.741372591289868
6.742030669135307
6.742688746980732
6.743245582080715
6.743903659926149
6.744612359144306
6.745270436989739
6.7458019614033455
6.7464600392487695
6.747092806407827
6.747371223957823
6.748333030039588
6.74899110788483
6.749623875040478
6.750256642198074
6.750762855925315
6.751370312346638
6.751395623298854
6.751800594255241
6.75233211866842
6.753040817886527
6.753749517103531
6.754407594948909
6.755065672794341
6.755597197207949
6.7562805857397485
6.756913352898817
6.757191770448813
6.758077644471499
6.7587357223169295
6.759393800162364
6.760102499380505
6.760634023794112
6.7612921016395
6.761975490171291
6.762658878703084
6.763190403116707
6.763924413021222
6.764633112239371
6.765265879398445
6.765797403812
6.7664807923437795
6.7671641808753265
6.767746326661401
6.76840440450639
6.768961239606298
6.769644628137419
6.769847113628317
6.770707676955794
6.771264512055777
6.771922589901202
6.772580667746643
6.773264056278427
6.773795580692047
6.774453658537482
6.775137047069268
6.775769814227879
6.776427892073314
6.776984727173296
6.777642805018713
6.778300882864146
6.778958960709544
6.779490485123164
6.78019918434132
6.78045229120495
6.781515340032185
6.7820468644457925
6.782679631602858
6.783337709448017
6.783945165919811
6.784451379644143
6.784476699871764
6.784679185339418
6.786273751933199
6.7865521697981
6.789133859807114
6.799712592447668
6.8102652652556985
6.820868746553215
6.834688296082642
6.8551140034908435
6.874400612725009
6.893712488370772
6.907911292882027
6.924793214905493
6.945522667036505
6.964657379515089
6.981995197035197
7.003686443272584
7.028465590897495
7.051776434172428
7.0696961865359285
7.093108420993668
7.116773818440133
7.141249218108474
7.166332087505224
7.186150316644494
7.21128378210412
7.220420939881105
7.2557788805781565
7.272938985556041
7.293009453945674
7.313687847911088
7.334694868430928
7.349652142555199
7.3665068443799235
7.382830785315411
7.3965207878480825
7.412643294760473
7.436106116301793
7.460632151422602
7.485917513147563
7.506443911467987
7.51292303177493
7.522615180163501
7.528483462956668
7.5335178484274525
7.54313269570744
7.546321229254615
7.546777590765582
7.5549529421751025
7.5651778830201835
7.574846004436809
7.57846547938524
7.579401974511594
7.5837552241555874
7.586463467666385
7.593246392179955
7.601775425588317
7.6097981894323015
7.618048972479146
7.62662890443295
7.630045847091938
7.6381700919813165
7.646950529281094
7.647583296440162
7.648424902143955
7.661990824534991
7.675911645156085
7.69261621178868
7.696664333739746
7.697170547467
7.697448794562724
7.707342599154638
7.716125047865657
7.730905535836763
7.732449707961259
7.748116925745145
7.770061220026384
7.780943738948088
7.783599353948904
7.785420282856413
7.786660506488184
7.787796401920034
7.787973670766785
7.7901235954497325
7.792779964056477
7.792982449547376
7.797155112089312
7.7987232472475405
7.80046883101419
7.801429981053826
7.803200589161545
7.806236867314634
7.813195188275595
7.8134779337759985
7.820031175504683
7.828506848904742
7.835084080344977
7.838096052022161
7.846866591777749
7.857976692400604
7.874554523564369
7.893917193507989
7.912368661448315
7.931706025827838
7.94770235737876
7.967824341741583
7.987414791724021
8.008371967196307
8.023937707349328
8.04335084129818
8.064662201269943
8.072078232374263
8.096093863729825
8.110849171086882
8.118088027386662
8.153598702588448
8.172024655941875
8.196322800221111
8.216089206636136
8.226691541115345
8.241978586928102
8.262479892507821
8.28622129711659
8.310721991905153
8.329097358602588
8.350863826914386
8.36825125068479
8.38515718620132
8.40307602757318
8.419983339684494
8.44268684705276
8.462630869001657
8.483182498853617
8.499861830707152
8.52071763941837
8.542762858879971
8.562428353480426
8.578424039218943
8.59781118389429
8.615502018478171
8.633623594662224
8.642102674593774
8.673208654588912
8.694823752671514
8.716058960412031
8.733447034648808
8.754682212943381
8.775461949637469
8.796418673790763
8.817172633493644
8.832611490480073
8.84460875581606
8.872219803136112
8.894746312903552
8.914539254801998
8.940204290690366
8.963110049054482
8.986395791924602
9.005960925279702
9.029752771750239
9.052937214889361
9.076146948702924
9.09434514370029
9.118010546042896
9.142207525066471
9.166303285595815
9.18559002834408
9.209458003022004
9.223606676698827
9.256358642357693
9.280378476061236
9.299184304219683
9.324115324109343
9.348843864063781
9.372711809303047
9.392226322382749
9.415638651483881
9.440316564405014
9.465551318629302
9.48491399024724
9.510654956941481
9.535206171640484
9.556011548720068
9.556276167985867
9.563411534828651
9.56480362257861
9.566649559353387
9.568293868470967
9.573683979569065
9.582592504360958
9.592437153920502
9.600434282187125
9.610456016267223
9.620781911724922
9.63095546838105
9.641129081399573
9.649227457823923
9.659325605487576
9.669524498250754
9.67974870780015
9.687796461512916
9.697793391852782
9.70174185892539
9.717807583854928
9.725197004898305
9.734509991320733
9.744608132410248
9.754680519991219
9.762804171659365
9.773003056727198
9.783177111808486
9.792616313819808
9.792674200150765
9.794166794352604
9.796342472713956
9.79670288195278
9.79771443934421
9.797892029998303
9.799941562383
9.8100129458563
9.829830580638822
9.846964762091588
9.860275637927892
9.867308343651823
9.87755643093248
9.883653026582982
9.88987629342557
9.898555858142188
9.903741245562962
9.909104874774636
9.921049517041439
9.934360927043867
9.939347132257346
9.957561347057712
9.969732685109996
9.981981172262916
9.994355136258863
10.006121400421497
10.015914361484592
10.029175638274285
10.048512222174173
10.064835014554717
10.07561455744622
10.087230010768168
10.097047262186175
10.116611820197482
10.135569346438462
10.157791693170603
10.17917891902004
10.202034310129754
10.221017235518561
10.245315449405982
10.269841463385625
10.294443396391099
10.313806027790953
10.338534529481034
10.363136485917435
10.387434680476492
10.40669604017563
10.43020953873656
10.454026857253663
10.47774282696192
10.501028468434951
10.519327919863457
10.542284580155131
10.565418392218213
10.588805311656907
10.60768698379919
10.631504254779156
10.654891195653539
10.678835038470524
10.69764073220063
10.72133149978568
10.745730973906571
10.77126945583306
10.791796420979686
10.817638629559417
10.842898662448436
10.867298058787775
10.886711285762734
10.911034698788844
10.93492790607759
10.94464720964092
10.983245519168694
11.002861236235553
11.027513824400481
11.052596662174055
11.077451706435559
11.097421836708497
11.122859060945483
11.147840690856542
11.172822319294628
11.193045556985485
11.218938387905391
11.244780597448862
11.270597495135657
11.291073840004405
11.316789497325104
11.341517951816632
11.36541118165838
11.38507758076775
11.410261699007298
11.435496453234851
11.460629942488248
11.485080015468672
11.504872965107204
11.530082406893296
11.555519644129117
11.580501280142892
11.600370156981388
11.62535179739709
11.650409363640513
11.660483016812929
11.69399408353875
11.718950420131238
11.744159841996296
11.768129061936568
11.784302365998727
11.804981098761548
11.824368598497438
11.84368031200228
11.860840957233425
11.881063298268954
11.899818089233877
11.918142937804848
11.924622473513738
11.949375990675092
11.960867042283827
11.994403309425822
12.016043515053562
12.03403921492126
12.057502176951507
12.08174979863938
12.100909132956886
12.11310755001176
12.133305352682411
12.156439088329924
12.178509718387229
12.190835549549918
12.20470578250475
12.217715455228689
12.232471578021382
12.242798280113979
12.254795485336098
12.267223010396997
12.279928939529722
12.289319115910635
12.301265702486397
12.314174129207979
12.325943481759984
12.337510369094971
12.346723396202831
12.359302799842313
12.371300009174922
12.384410937513588
12.394762978870242
12.406937362802338
12.419542056642177
12.432450475735854
12.442346900852213
12.454090974628185
12.466037577400177
12.478338512118686
12.488639933993298
12.500915513051494
12.512583688017052
12.52561868788387
12.540577266647869
12.552245484467479
12.567583696212305
12.582997884157669
12.597576839256021
12.605726582318868
12.617318862887606
12.633087243678983
12.650779164552494
12.663156083059782
12.678570176496182
12.691782185647423
12.70183030063725
12.709828230283051
12.722129183218254
12.73820144113726
12.753792746912234
12.76687820350569
12.783836131939141
12.80051581166553
12.815196009647462
12.82906626507406
12.838000602315368
12.845517571589172
12.854806448285114
12.86687960658195
12.877231660763718
12.890469139718604
12.904364706299667
12.917956534466263
12.928587019988294
12.942052302902244
12.95546696551797
12.96883100495995
12.979663975920154
12.993432987996622
13.00748041889887
13.021173493182847
13.03203177480864
13.044990760620154
13.055975489568121
13.067112091379773
13.076071891001416
13.086373135244441
13.097585705472504
13.108950040175005
13.119200668177141
13.12583170112585
13.133044950740754
13.14033398992208
13.147395160306349
13.152937792009952
13.160885129739176
13.169667605974615
13.178601934486478
13.185157080508858
13.192876425745279
13.201709639821638
13.210036433652675
13.216034604493808
13.222741426947975
13.22947374916526
13.236129993756071
13.241419536300752
13.248531510102785
13.258453239633466
13.270804819623143
13.2852319051727
13.297001372707255
13.31046664202959
13.32297007567269
13.335422893666486
13.345369958092336
13.35767090904726
13.369946529002203
13.382576519060482
13.39252357154695
13.40426762224058
13.415378937462432
13.426237088434288
13.434817285452073
13.445447594530826
13.456305805397294
13.469315484626078
13.479870029259137
13.493234066383197
13.506825903126218
13.520443043739828
13.533604586264426
13.544285683603137
13.557599093514252
13.5710896816689
13.584554962931612
13.595565111384682
13.609131639268048
13.62252098929595
13.635657225328194
13.64651550722678
13.66036045181246
13.674534436115568
13.688784350697425
13.700351331542791
13.714677179419692
13.728623367293572
13.742670798181784
13.754035295999392
13.768133348225264
13.78266167587224
13.797291241848521
13.808934143997723
13.823589017764803
13.837585827215843
13.851734500061763
13.865807241544639
13.876969147026713
13.877987970782643
13.879303693297402
13.879885432715508
13.88175689233097
13.88390714833899
13.88572847809579
13.897469834351131
13.905770029446428
13.907212251947744
13.907263622818306
13.907744213196148
13.911513818188029
13.921081077134744
13.933634920719879
13.94274671906387
13.949074389331178
13.954946458126464
13.961375369751284
13.965576896073244
13.970968054780583
13.975372106154506
13.981775709078068
13.98845773024729
13.995266304875177
14.00103714002333
14.008402549501415
14.014806152050246
14.021665347871137
14.026980591919932
14.033738544745397
14.040167456697793
14.046343256621041
14.050924481587238
14.057024350098189
14.06307360190172
14.070160593868842
14.07552645831801
14.081904745825478
14.085422931229907
14.094079159999891
14.098685680502916
14.103317529475783
14.10875931605769
14.114302355421891
14.123616600368267
14.130728838441577
14.140777071242598
14.150673504618174
14.155634350953473
14.158291921802254
14.161506320031135
14.164948547302943
14.172111466262084
14.177983544452177
14.185019913508514
14.19119572093567
14.194081139181039
14.198459887921809
14.210963366884641
14.217569454263407
14.222884677914625
14.228326466914375
14.233920128513734
14.24072870143393
14.246879192840638
14.252903132228372
14.25852210327897
14.266469651915367
14.272898557259527
14.27849221134604
14.284237733832326
14.29104630811468
14.298032057291053
14.304385037831109
14.310105249027707
14.31673664650489
14.323443978369589
14.329543847522144
14.336200558024448
14.341718287436718
14.34771691489748
14.355006387816147
14.362422417792656
14.367408610089258
14.372394796216595
14.37849467130437
14.384771718864801
14.390643790659922
14.398388857029206
14.405627711992635
14.412714704174226
14.418738640478358
14.423446414600452
14.42876164856316
14.433798455291258
14.439797081623734
14.4443276828826
14.45014912160889
14.454654392553685
14.458704059812943
14.462272845695033
14.46791712860464
14.47568749704997
14.48429308805253
14.491683806582888
14.497758365912775
14.505174396322142
14.510666798402239
14.516336381044274
14.52096823066843
14.526916232824137
14.532611130626329
