x,y
19.0,178.0
19.0,178.0
19.0,178.0
19.0,178.0
19.0,178.0
19.0,178.0
19.0,178.0
19.0,178.0
19.0,178.0
19.0,178.0
19.0,178.0
19.0,178.0
19.0,178.0
19.0,178.0
19.0,178.0
19.0,178.0
19.0,178.0
19.0,178.0
19.0,178.0
19.0,178.0
19.0,178.0
19.0,178.0
19.0,178.0
19.0,178.0
19.0,178.0
19.0,178.0
19.0,178.0
19.0,178.0
19.0,178.0
19.0,178.0
19.0,178.0
19.0,178.0
19.0,178.0
19.0,178.0
19.0,178.0
19.0,178.0
19.0,178.0
19.0,178.0
19.0,178.0
19.0,178.0
19.0,178.0
19.0,178.0
19.0,178.0
19.0,178.0
19.0,178.0
19.0,178.0
19.0,178.0
19.0,178.0
19.0,178.0
19.0,178.0
19.0,178.0
19.0,178.0
19.0,178.0
19.0,178.0
19.0,178.0
19.0,178.0
19.0,178.0
19.0,178.0
19.0,178.0
19.0,178.0
19.0,178.0
19.0,178.0
19.0,178.0
19.0,178.0
19.0,178.0
19.0,178.0
19.0,178.0
19.0,178.0
19.0,178.0
19.0,178.0
19.0,178.0
19.0,178.0
19.0,178.0
19.0,178.0
19.0,178.0
19.0,178.0
19.0,178.0
19.0,178.0
19.0,178.0
19.0,178.0
19.0,178.0
19.0,178.0
19.0,178.0
19.0,178.0
19.0,178.0
19.0,178.0
19.0,178.0
19.0,178.0
19.0,178.0
19.0,178.0
19.0,178.0
19.0,178.0
19.0,178.0
19.0,178.0
19.0,178.0
19.0,178.0
19.0,178.0
19.0,178.0
19.0,178.0
19.0,178.0
19.0,178.0
19.0,178.0
19.0,178.0
19.0,178.0
19.0,178.0
19.0,178.0
19.0,178.0
19.0,178.0
19.0,178.0
19.0,178.0
19.0,178.0
19.0,178.0
19.0,178.0
19.0,178.0
19.0,178.0
19.0,178.0
19.0,178.0
19.0,178.0
19.0,178.0
19.0,178.0
19.0,178.0
19.0,178.0
19.0,178.0
19.0,178.0
19.0,178.0
19.0,178.0
19.0,178.0
19.0,178.0
19.0,178.0
19.0,178.0
19.0,178.0
19.0,178.0
19.0,178.0
19.0,178.0
19.0,178.0
19.0,178.0
19.0,178.0
19.0,178.0
19.0,178.0
19.0,178.0
19.0,178.0
19.0,178.0
19.0,178.0
19.0,178.0
19.0,178.0
19.0,178.0
19.0,178.0
19.0,178.0
19.0,178.0
19.0,178.0
19.0,178.0
19.0,178.0
19.0,178.0
19.0,178.0
19.0,178.0
19.0,178.0
19.0,178.0
19.0,178.0
19.0,178.0
19.0,178.0
19.0,178.0
19.0,178.0
19.0,178.0
19.0,178.0
19.0,178.0
19.0,178.0
19.0,178.0
19.0,178.0
19.0,178.0
19.0,178.0
19.0,178.0
19.0,178.0
19.0,178.0
19.0,178.0
19.0,178.0
19.0,178.0
19.0,178.0
19.0,178.0
19.0,178.0
19.0,178.0
19.0,178.0
19.0,178.0
19.0,178.0
19.0,178.0
19.0,178.0
19.0,178.0
19.0,178.0
19.0,178.0
19.0,178.0
19.0,178.0
19.0,178.0
19.0,178.0
19.0,178.0
19.0,178.0
19.0,178.0
19.0,178.0
19.0,178.0
19.0,178.0
19.0,178.0
19.0,178.0
19.0,178.0
19.0,178.0
19.0,178.0
19.0,178.0
19.0,178.0
19.0,178.0
19.0,178.0
19.0,178.0
19.0,178.0
19.0,178.0
19.0,178.0
19.0,178.0
19.0,178.0
19.0,178.0
19.0,178.0
19.0,178.0
19.0,178.0
19.0,178.0
19.0,178.0
19.0,178.0
19.0,178.0
19.0,178.0
19.0,178.0
19.0,178.0
19.0,178.0
19.0,178.0
19.0,178.0
19.0,178.0
19.0,178.0
19.0,178.0
19.0,178.0
19.0,178.0
19.0,178.0
19.0,178.0
19.0,178.0
19.0,178.0
19.0,178.0
19.0,178.0
19.0,178.0
20.0,178.0
20.0,178.0
20.0,178.0
21.0,178.0
21.0,178.0
22.0,178.0
22.0,178.0
23.0,178.0
23.0,178.0
23.0,178.0
23.0,178.0
24.0,178.0
24.0,178.0
24.0,178.0
24.0,178.0
24.0,178.0
25.0,178.0
25.0,178.0
25.0,178.0
26.0,178.0
26.0,178.0
26.0,178.0
26.0,178.0
26.0,178.0
26.0,178.0
27.0,178.0
27.0,178.0
28.0,178.0
28.0,178.0
29.0,178.0
29.0,178.0
29.0,178.0
29.0,178.0
29.0,178.0
30.0,178.0
30.0,178.0
31.0,178.0
31.0,178.0
31.0,178.0
31.0,178.0
32.0,178.0
32.0,178.0
33.0,178.0
33.0,178.0
62.0,184.0
63.0,184.0
63.0,184.0
63.0,184.0
64.0,184.0
64.0,184.0
65.0,184.0
65.0,184.0
66.0,184.0
66.0,184.0
67.0,184.0
67.0,184.0
67.0,184.0
68.0,184.0
68.0,184.0
69.0,199.0
69.0,199.0
69.0,198.0
70.0,198.0
70.0,198.0
70.0,198.0
71.0,198.0
71.0,198.0
71.0,197.0
72.0,197.0
72.0,197.0
72.0,197.0
72.0,197.0
73.0,196.0
73.0,196.0
73.0,196.0
73.0,196.0
74.0,195.0
74.0,195.0
74.0,195.0
74.0,195.0
75.0,194.0
75.0,194.0
75.0,194.0
75.0,194.0
76.0,194.0
76.0,193.0
76.0,193.0
77.0,193.0
77.0,193.0
77.0,192.0
77.0,192.0
78.0,192.0
78.0,192.0
79.0,192.0
79.0,192.0
79.0,192.0
79.0,191.0
80.0,191.0
80.0,191.0
80.0,191.0
80.0,191.0
80.0,191.0
81.0,191.0
81.0,191.0
81.0,190.0
82.0,190.0
82.0,190.0
82.0,190.0
82.0,190.0
82.0,190.0
82.0,190.0
82.0,190.0
82.0,190.0
82.0,190.0
82.0,190.0
83.0,190.0
83.0,190.0
84.0,190.0
84.0,190.0
84.0,190.0
85.0,190.0
86.0,190.0
86.0,190.0
86.0,191.0
87.0,191.0
87.0,191.0
87.0,191.0
87.0,191.0
87.0,191.0
87.0,191.0
87.0,191.0
87.0,191.0
87.0,191.0
87.0,191.0
87.0,191.0
88.0,191.0
88.0,191.0
88.0,191.0
88.0,191.0
88.0,191.0
89.0,191.0
89.0,191.0
89.0,191.0
90.0,191.0
90.0,191.0
90.0,191.0
90.0,191.0
91.0,191.0
91.0,191.0
91.0,191.0
91.0,191.0
91.0,191.0
91.0,191.0
91.0,191.0
92.0,191.0
92.0,191.0
92.0,191.0
92.0,191.0
91.0,191.0
91.0,191.0
91.0,191.0
91.0,191.0
91.0,191.0
91.0,191.0
91.0,191.0
91.0,191.0
91.0,191.0
91.0,191.0
91.0,191.0
91.0,191.0
91.0,191.0
91.0,191.0
91.0,191.0
91.0,191.0
91.0,191.0
91.0,191.0
91.0,191.0
91.0,191.0
91.0,191.0
92.0,192.0
92.0,191.0
92.0,191.0
92.0,191.0
92.0,191.0
92.0,191.0
92.0,191.0
92.0,191.0
92.0,191.0
92.0,191.0
92.0,191.0
92.0,191.0
92.0,191.0
92.0,191.0
92.0,191.0
92.0,191.0
92.0,191.0
92.0,191.0
92.0,191.0
92.0,191.0
92.0,191.0
93.0,190.0
93.0,190.0
93.0,190.0
93.0,190.0
93.0,190.0
93.0,190.0
93.0,190.0
93.0,190.0
93.0,190.0
93.0,190.0
93.0,190.0
93.0,190.0
93.0,190.0
93.0,190.0
93.0,190.0
92.0,190.0
92.0,190.0
92.0,190.0
92.0,190.0
92.0,190.0
92.0,190.0
92.0,190.0
92.0,189.0
92.0,189.0
92.0,189.0
92.0,189.0
92.0,188.0
91.0,188.0
91.0,187.0
91.0,187.0
91.0,186.0
91.0,186.0
91.0,186.0
91.0,185.0
91.0,185.0
91.0,185.0
91.0,184.0
91.0,184.0
91.0,184.0
91.0,183.0
91.0,183.0
91.0,182.0
91.0,182.0
91.0,181.0
91.0,181.0
91.0,181.0
91.0,180.0
91.0,180.0
91.0,179.0
91.0,179.0
92.0,178.0
92.0,178.0
92.0,177.0
92.0,177.0
92.0,177.0
92.0,176.0
92.0,176.0
92.0,175.0
93.0,175.0
93.0,175.0
93.0,174.0
93.0,174.0
93.0,174.0
93.0,174.0
94.0,173.0
94.0,173.0
94.0,173.0
94.0,172.0
95.0,172.0
95.0,171.0
95.0,171.0
96.0,171.0
96.0,170.0
96.0,170.0
97.0,170.0
97.0,169.0
97.0,169.0
98.0,169.0
98.0,168.0
98.0,168.0
98.0,168.0
99.0,167.0
99.0,167.0
99.0,167.0
100.0,166.0
100.0,166.0
100.0,165.0
101.0,165.0
101.0,165.0
101.0,164.0
102.0,164.0
102.0,164.0
102.0,163.0
102.0,163.0
103.0,162.0
103.0,162.0
103.0,162.0
103.0,161.0
104.0,161.0
104.0,160.0
104.0,160.0
104.0,160.0
105.0,159.0
105.0,159.0
105.0,159.0
106.0,158.0
106.0,158.0
106.0,157.0
106.0,157.0
107.0,156.0
107.0,156.0
107.0,156.0
107.0,156.0
108.0,155.0
108.0,155.0
108.0,154.0
109.0,154.0
109.0,154.0
109.0,154.0
110.0,153.0
110.0,153.0
110.0,153.0
111.0,152.0
111.0,152.0
111.0,152.0
112.0,152.0
112.0,151.0
112.0,151.0
113.0,151.0
113.0,151.0
113.0,151.0
114.0,150.0
114.0,150.0
115.0,150.0
115.0,150.0
115.0,149.0
116.0,149.0
116.0,149.0
116.0,149.0
117.0,149.0
117.0,149.0
117.0,149.0
118.0,148.0
119.0,148.0
119.0,148.0
120.0,148.0
120.0,148.0
120.0,148.0
121.0,148.0
121.0,148.0
121.0,147.0
122.0,147.0
122.0,147.0
123.0,147.0
123.0,147.0
124.0,147.0
124.0,147.0
125.0,147.0
125.0,147.0
125.0,147.0
126.0,147.0
126.0,147.0
127.0,147.0
127.0,147.0
128.0,147.0
128.0,147.0
129.0,147.0
129.0,147.0
129.0,147.0
130.0,147.0
130.0,147.0
131.0,147.0
131.0,147.0
131.0,147.0
132.0,147.0
132.0,147.0
132.0,147.0
133.0,147.0
134.0,147.0
134.0,147.0
134.0,147.0
135.0,147.0
135.0,147.0
136.0,147.0
136.0,147.0
137.0,148.0
137.0,148.0
138.0,148.0
138.0,148.0
139.0,148.0
139.0,148.0
139.0,148.0
139.0,148.0
139.0,148.0
139.0,148.0
139.0,148.0
139.0,148.0
140.0,148.0
140.0,148.0
140.0,148.0
140.0,148.0
140.0,148.0
140.0,148.0
140.0,148.0
140.0,148.0
139.0,148.0
139.0,148.0
139.0,148.0
139.0,148.0
139.0,148.0
139.0,148.0
139.0,147.0
139.0,147.0
139.0,147.0
139.0,147.0
139.0,147.0
139.0,147.0
139.0,147.0
139.0,147.0
139.0,150.0
139.0,150.0
139.0,150.0
139.0,150.0
139.0,150.0
139.0,150.0
139.0,150.0
139.0,150.0
139.0,150.0
139.0,150.0
139.0,150.0
139.0,150.0
139.0,150.0
139.0,150.0
139.0,150.0
139.0,150.0
139.0,150.0
139.0,150.0
139.0,150.0
139.0,150.0
139.0,150.0
139.0,150.0
139.0,150.0
139.0,150.0
139.0,150.0
139.0,150.0
139.0,150.0
139.0,150.0
139.0,150.0
139.0,150.0
139.0,150.0
139.0,150.0
139.0,150.0
139.0,149.0
139.0,149.0
139.0,149.0
139.0,149.0
139.0,149.0
139.0,149.0
139.0,149.0
139.0,149.0
139.0,149.0
139.0,149.0
139.0,149.0
139.0,149.0
139.0,149.0
139.0,149.0
139.0,149.0
139.0,149.0
139.0,149.0
139.0,149.0
139.0,149.0
139.0,149.0
139.0,149.0
139.0,149.0
139.0,149.0
139.0,149.0
139.0,149.0
139.0,149.0
139.0,149.0
139.0,149.0
139.0,149.0
139.0,149.0
139.0,149.0
139.0,149.0
139.0,149.0
139.0,149.0
139.0,149.0
139.0,149.0
139.0,149.0
139.0,149.0
139.0,149.0
139.0,149.0
139.0,149.0
139.0,149.0
139.0,149.0
139.0,149.0
139.0,149.0
139.0,149.0
139.0,149.0
139.0,149.0
139.0,149.0
139.0,149.0
139.0,149.0
139.0,149.0
139.0,149.0
139.0,149.0
139.0,149.0
139.0,149.0
139.0,149.0
139.0,149.0
139.0,149.0
139.0,149.0
139.0,149.0
139.0,149.0
139.0,149.0
139.0,149.0
139.0,149.0
139.0,149.0
139.0,149.0
139.0,149.0
139.0,149.0
139.0,149.0
139.0,149.0
139.0,149.0
139.0,149.0
139.0,149.0
139.0,149.0
139.0,149.0
139.0,149.0
139.0,149.0
139.0,149.0
139.0,149.0
139.0,149.0
139.0,149.0
139.0,149.0
139.0,149.0
139.0,149.0
139.0,148.0
139.0,148.0
139.0,148.0
139.0,148.0
139.0,148.0
139.0,148.0
139.0,148.0
139.0,148.0
139.0,148.0
139.0,148.0
139.0,148.0
139.0,148.0
139.0,148.0
139.0,148.0
139.0,148.0
139.0,148.0
139.0,148.0
139.0,148.0
139.0,148.0
139.0,148.0
139.0,148.0
139.0,148.0
139.0,148.0
139.0,148.0
139.0,148.0
139.0,148.0
139.0,148.0
139.0,148.0
139.0,148.0
139.0,148.0
139.0,148.0
139.0,148.0
139.0,148.0
139.0,148.0
139.0,148.0
139.0,148.0
139.0,148.0
139.0,148.0
139.0,148.0
139.0,148.0
139.0,148.0
139.0,148.0
139.0,148.0
139.0,148.0
139.0,148.0
138.0,148.0
138.0,148.0
138.0,148.0
138.0,148.0
138.0,148.0
138.0,148.0
138.0,148.0
138.0,148.0
138.0,148.0
138.0,148.0
138.0,148.0
138.0,148.0
138.0,148.0
138.0,148.0
138.0,148.0
138.0,148.0
138.0,148.0
138.0,148.0
138.0,148.0
138.0,148.0
138.0,148.0
138.0,148.0
138.0,148.0
138.0,148.0
138.0,148.0
138.0,148.0
138.0,148.0
138.0,148.0
138.0,148.0
138.0,148.0
138.0,148.0
138.0,148.0
138.0,148.0
138.0,148.0
138.0,148.0
138.0,148.0
138.0,148.0
138.0,148.0
138.0,148.0
138.0,148.0
138.0,148.0
138.0,148.0
138.0,148.0
138.0,148.0
138.0,147.0
138.0,147.0
138.0,147.0
138.0,147.0
138.0,147.0
138.0,147.0
138.0,147.0
138.0,147.0
138.0,147.0
138.0,147.0
138.0,147.0
138.0,147.0
138.0,147.0
138.0,147.0
138.0,147.0
138.0,147.0
138.0,147.0
138.0,147.0
138.0,147.0
138.0,147.0
138.0,147.0
138.0,147.0
138.0,147.0
138.0,147.0
138.0,147.0
138.0,147.0
138.0,147.0
138.0,147.0
138.0,147.0
138.0,147.0
138.0,147.0
138.0,147.0
138.0,147.0
138.0,147.0
138.0,147.0
138.0,147.0
138.0,147.0
138.0,147.0
138.0,147.0
138.0,147.0
138.0,147.0
138.0,147.0
138.0,147.0
138.0,147.0
138.0,147.0
138.0,147.0
138.0,147.0
138.0,147.0
138.0,147.0
138.0,147.0
138.0,147.0
138.0,147.0
138.0,147.0
138.0,147.0
138.0,147.0
138.0,147.0
138.0,147.0
138.0,147.0
138.0,147.0
138.0,147.0
138.0,147.0
138.0,147.0
138.0,147.0
138.0,147.0
138.0,147.0
138.0,147.0
138.0,147.0
138.0,147.0
138.0,147.0
138.0,147.0
138.0,147.0
138.0,147.0
138.0,147.0
138.0,147.0
138.0,147.0
138.0,147.0
138.0,147.0
138.0,147.0
138.0,147.0
138.0,147.0
138.0,147.0
138.0,147.0
138.0,147.0
138.0,147.0
138.0,147.0
138.0,147.0
138.0,146.0
138.0,146.0
138.0,146.0
138.0,146.0
138.0,146.0
138.0,146.0
138.0,146.0
138.0,146.0
138.0,146.0
138.0,146.0
138.0,146.0
138.0,146.0
138.0,146.0
138.0,146.0
138.0,146.0
138.0,146.0
138.0,146.0
138.0,146.0
138.0,146.0
138.0,146.0
138.0,146.0
138.0,146.0
138.0,146.0
138.0,146.0
138.0,146.0
138.0,146.0
138.0,146.0
138.0,146.0
138.0,146.0
138.0,146.0
138.0,146.0
138.0,146.0
138.0,146.0
138.0,146.0
138.0,146.0
138.0,146.0
138.0,146.0
138.0,146.0
138.0,146.0
138.0,146.0
138.0,146.0
138.0,146.0
138.0,146.0
138.0,146.0
138.0,146.0
138.0,146.0
138.0,146.0
138.0,146.0
138.0,146.0
138.0,146.0
138.0,146.0
138.0,146.0
138.0,146.0
138.0,146.0
138.0,146.0
138.0,146.0
138.0,146.0
138.0,146.0
138.0,146.0
138.0,146.0
138.0,146.0
138.0,146.0
138.0,146.0
138.0,146.0
138.0,146.0
138.0,146.0
138.0,146.0
138.0,146.0
138.0,146.0
138.0,146.0
138.0,146.0
138.0,146.0
138.0,146.0
138.0,146.0
138.0,146.0
138.0,146.0
138.0,146.0
138.0,146.0
138.0,146.0
138.0,146.0
138.0,146.0
138.0,146.0
138.0,146.0
138.0,146.0
138.0,146.0
138.0,145.0
138.0,145.0
138.0,145.0
138.0,145.0
138.0,145.0
138.0,145.0
138.0,145.0
138.0,145.0
138.0,145.0
138.0,145.0
137.0,145.0
137.0,145.0
137.0,145.0
137.0,145.0
137.0,145.0
137.0,145.0
137.0,145.0
137.0,145.0
137.0,145.0
137.0,145.0
137.0,145.0
137.0,145.0
137.0,145.0
137.0,145.0
137.0,145.0
137.0,145.0
137.0,145.0
137.0,145.0
137.0,145.0
137.0,145.0
137.0,145.0
137.0,145.0
137.0,145.0
137.0,145.0
137.0,145.0
137.0,145.0
137.0,145.0
137.0,145.0
137.0,145.0
137.0,145.0
137.0,145.0
137.0,145.0
137.0,145.0
137.0,145.0
137.0,145.0
137.0,145.0
137.0,145.0
137.0,145.0
137.0,145.0
137.0,145.0
137.0,145.0
137.0,145.0
137.0,145.0
137.0,145.0
137.0,145.0
137.0,145.0
137.0,145.0
137.0,145.0
137.0,145.0
137.0,145.0
137.0,145.0
137.0,145.0
137.0,145.0
137.0,145.0
137.0,145.0
137.0,145.0
137.0,145.0
137.0,145.0
137.0,145.0
137.0,145.0
137.0,145.0
137.0,145.0
137.0,145.0
137.0,145.0
137.0,145.0
137.0,145.0
137.0,145.0
137.0,145.0
137.0,145.0
137.0,145.0
137.0,145.0
137.0,145.0
137.0,145.0
137.0,145.0
137.0,145.0
137.0,145.0
137.0,145.0
137.0,145.0
137.0,145.0
137.0,144.0
137.0,144.0
137.0,144.0
137.0,144.0
137.0,144.0
137.0,144.0
137.0,144.0
137.0,144.0
137.0,144.0
137.0,144.0
137.0,144.0
137.0,144.0
137.0,144.0
137.0,144.0
137.0,144.0
137.0,144.0
137.0,144.0
137.0,144.0
137.0,144.0
137.0,144.0
137.0,144.0
137.0,144.0
137.0,144.0
137.0,144.0
137.0,144.0
137.0,144.0
137.0,144.0
137.0,144.0
137.0,144.0
137.0,144.0
137.0,144.0
137.0,144.0
137.0,144.0
137.0,144.0
137.0,144.0
137.0,144.0
137.0,144.0
137.0,144.0
137.0,144.0
137.0,144.0
137.0,144.0
137.0,144.0
137.0,144.0
137.0,144.0
137.0,144.0
137.0,144.0
137.0,144.0
137.0,144.0
137.0,144.0
137.0,144.0
137.0,144.0
137.0,144.0
137.0,144.0
137.0,144.0
137.0,144.0
137.0,144.0
137.0,144.0
137.0,144.0
137.0,144.0
137.0,144.0
137.0,144.0
137.0,144.0
137.0,144.0
137.0,144.0
137.0,144.0
137.0,144.0
137.0,144.0
137.0,144.0
137.0,144.0
137.0,144.0
137.0,144.0
137.0,144.0
137.0,144.0
137.0,144.0
137.0,144.0
137.0,144.0
137.0,144.0
137.0,144.0
137.0,144.0
137.0,144.0
137.0,144.0
137.0,144.0
137.0,144.0
137.0,144.0
137.0,144.0
137.0,144.0
137.0,143.0
137.0,143.0
137.0,143.0
137.0,143.0
137.0,143.0
137.0,143.0
137.0,143.0
137.0,143.0
137.0,143.0
137.0,143.0
137.0,143.0
137.0,143.0
137.0,143.0
137.0,143.0
137.0,143.0
137.0,143.0
137.0,143.0
137.0,143.0
137.0,143.0
137.0,143.0
137.0,143.0
137.0,143.0
137.0,143.0
137.0,143.0
137.0,143.0
137.0,143.0
137.0,143.0
137.0,143.0
137.0,143.0
137.0,143.0
137.0,143.0
137.0,143.0
137.0,143.0
137.0,143.0
137.0,143.0
137.0,143.0
137.0,143.0
137.0,143.0
137.0,143.0
137.0,143.0
137.0,143.0
137.0,143.0
137.0,143.0
137.0,143.0
137.0,143.0
137.0,143.0
137.0,143.0
137.0,143.0
137.0,143.0
137.0,143.0
137.0,143.0
137.0,143.0
137.0,143.0
137.0,143.0
137.0,143.0
137.0,143.0
137.0,143.0
137.0,143.0
137.0,143.0
137.0,143.0
137.0,143.0
137.0,143.0
137.0,143.0
137.0,143.0
137.0,143.0
137.0,143.0
137.0,143.0
137.0,143.0
137.0,143.0
137.0,143.0
137.0,143.0
137.0,143.0
137.0,143.0
137.0,143.0
137.0,143.0
137.0,143.0
137.0,143.0
137.0,143.0
137.0,143.0
137.0,143.0
137.0,143.0
137.0,143.0
137.0,143.0
137.0,143.0
137.0,144.0
137.0,144.0
137.0,144.0
138.0,145.0
138.0,145.0
138.0,145.0
138.0,145.0
138.0,146.0
139.0,146.0
139.0,146.0
139.0,147.0
140.0,147.0
140.0,147.0
140.0,148.0
140.0,148.0
141.0,148.0
141.0,149.0
141.0,149.0
142.0,149.0
142.0,149.0
142.0,150.0
143.0,150.0
143.0,150.0
143.0,151.0
144.0,151.0
144.0,151.0
144.0,151.0
144.0,151.0
145.0,152.0
145.0,152.0
145.0,152.0
146.0,152.0
146.0,152.0
147.0,152.0
147.0,152.0
147.0,152.0
147.0,152.0
146.0,152.0
146.0,152.0
146.0,152.0
146.0,152.0
146.0,152.0
146.0,152.0
147.0,152.0
147.0,152.0
147.0,152.0
147.0,152.0
147.0,152.0
147.0,153.0
147.0,153.0
147.0,153.0
147.0,153.0
147.0,153.0
147.0,153.0
147.0,153.0
147.0,153.0
147.0,153.0
147.0,153.0
147.0,154.0
148.0,154.0
148.0,154.0
148.0,154.0
148.0,154.0
148.0,154.0
148.0,154.0
148.0,154.0
148.0,155.0
148.0,155.0
148.0,166.0
147.0,167.0
147.0,167.0
147.0,167.0
147.0,167.0
147.0,167.0
147.0,167.0
148.0,167.0
147.0,167.0
147.0,167.0
147.0,167.0
147.0,167.0
147.0,167.0
147.0,167.0
147.0,167.0
147.0,167.0
147.0,167.0
147.0,167.0
147.0,167.0
147.0,167.0
147.0,167.0
147.0,167.0
147.0,167.0
147.0,166.0
147.0,166.0
147.0,166.0
147.0,165.0
147.0,165.0
147.0,165.0
148.0,164.0
148.0,170.0
148.0,169.0
148.0,169.0
148.0,169.0
148.0,168.0
148.0,168.0
148.0,168.0
148.0,167.0
148.0,167.0
148.0,167.0
149.0,166.0
149.0,166.0
149.0,166.0
149.0,165.0
149.0,165.0
149.0,165.0
150.0,164.0
150.0,164.0
150.0,164.0
150.0,163.0
151.0,163.0
151.0,163.0
151.0,162.0
151.0,162.0
152.0,162.0
152.0,162.0
152.0,161.0
153.0,161.0
153.0,161.0
153.0,161.0
154.0,161.0
154.0,160.0
154.0,160.0
155.0,160.0
155.0,160.0
155.0,160.0
155.0,160.0
156.0,159.0
156.0,159.0
157.0,159.0
157.0,159.0
158.0,159.0
158.0,159.0
158.0,159.0
159.0,159.0
159.0,159.0
159.0,159.0
160.0,159.0
160.0,159.0
161.0,159.0
161.0,159.0
162.0,159.0
162.0,159.0
163.0,159.0
163.0,159.0
164.0,159.0
164.0,159.0
164.0,159.0
165.0,159.0
165.0,159.0
166.0,159.0
166.0,159.0
167.0,159.0
167.0,159.0
168.0,159.0
168.0,159.0
168.0,159.0
169.0,159.0
169.0,159.0
170.0,159.0
170.0,159.0
171.0,159.0
171.0,159.0
172.0,160.0
172.0,160.0
173.0,160.0
173.0,160.0
174.0,160.0
174.0,160.0
173.0,160.0
173.0,160.0
173.0,160.0
173.0,160.0
173.0,160.0
173.0,160.0
173.0,159.0
173.0,159.0
173.0,159.0
173.0,159.0
173.0,159.0
173.0,159.0
173.0,158.0
173.0,158.0
173.0,158.0
173.0,158.0
173.0,158.0
173.0,157.0
173.0,157.0
173.0,157.0
173.0,157.0
173.0,157.0
173.0,156.0
173.0,156.0
173.0,156.0
173.0,156.0
173.0,156.0
173.0,156.0
173.0,156.0
173.0,156.0
173.0,156.0
173.0,156.0
173.0,156.0
173.0,156.0
173.0,156.0
173.0,156.0
172.0,156.0
172.0,155.0
172.0,155.0
172.0,155.0
172.0,155.0
171.0,194.0
171.0,194.0
171.0,194.0
171.0,194.0
171.0,194.0
171.0,193.0
171.0,193.0
171.0,193.0
171.0,193.0
171.0,192.0
171.0,192.0
171.0,192.0
171.0,192.0
171.0,191.0
171.0,191.0
172.0,191.0
172.0,191.0
172.0,190.0
172.0,190.0
172.0,190.0
172.0,190.0
173.0,190.0
173.0,189.0
173.0,189.0
174.0,189.0
174.0,189.0
175.0,188.0
175.0,188.0
175.0,188.0
176.0,188.0
176.0,187.0
177.0,187.0
177.0,187.0
177.0,187.0
178.0,186.0
178.0,186.0
179.0,186.0
179.0,186.0
179.0,186.0
180.0,185.0
180.0,185.0
181.0,185.0
181.0,185.0
181.0,185.0
182.0,185.0
182.0,184.0
183.0,184.0
183.0,184.0
183.0,184.0
184.0,184.0
184.0,184.0
185.0,183.0
185.0,183.0
186.0,183.0
186.0,183.0
187.0,183.0
187.0,183.0
187.0,183.0
188.0,182.0
188.0,182.0
189.0,182.0
189.0,182.0
190.0,181.0
190.0,181.0
190.0,181.0
191.0,181.0
191.0,181.0
192.0,180.0
192.0,180.0
193.0,180.0
193.0,180.0
193.0,180.0
194.0,179.0
194.0,179.0
195.0,179.0
195.0,179.0
196.0,179.0
196.0,178.0
197.0,178.0
197.0,178.0
197.0,178.0
198.0,178.0
198.0,178.0
199.0,177.0
199.0,177.0
200.0,177.0
200.0,177.0
200.0,177.0
201.0,177.0
201.0,176.0
202.0,176.0
202.0,176.0
203.0,176.0
203.0,176.0
203.0,176.0
204.0,175.0
204.0,175.0
204.0,175.0
205.0,175.0
205.0,175.0
205.0,175.0
206.0,175.0
206.0,175.0
206.0,174.0
207.0,174.0
207.0,174.0
208.0,174.0
208.0,174.0
209.0,174.0
209.0,174.0
209.0,173.0
210.0,173.0
210.0,173.0
210.0,173.0
210.0,173.0
211.0,173.0
211.0,172.0
211.0,172.0
211.0,172.0
211.0,172.0
212.0,172.0
212.0,172.0
212.0,172.0
212.0,172.0
212.0,171.0
213.0,171.0
213.0,171.0
213.0,171.0
213.0,171.0
213.0,171.0
214.0,171.0
214.0,170.0
214.0,170.0
214.0,170.0
214.0,170.0
214.0,170.0
215.0,170.0
215.0,170.0
215.0,169.0
215.0,169.0
215.0,169.0
215.0,169.0
216.0,169.0
216.0,169.0
216.0,168.0
216.0,168.0
217.0,168.0
217.0,168.0
217.0,168.0
217.0,167.0
217.0,243.0
217.0,243.0
218.0,243.0
218.0,243.0
218.0,243.0
218.0,242.0
218.0,242.0
219.0,242.0
219.0,242.0
219.0,242.0
219.0,241.0
219.0,241.0
220.0,241.0
220.0,241.0
220.0,241.0
220.0,240.0
220.0,240.0
220.0,240.0
220.0,240.0
221.0,240.0
221.0,240.0
221.0,239.0
221.0,239.0
221.0,239.0
222.0,239.0
222.0,239.0
222.0,238.0
222.0,238.0
222.0,238.0
222.0,238.0
222.0,238.0
223.0,237.0
223.0,237.0
223.0,237.0
223.0,237.0
223.0,237.0
223.0,237.0
223.0,236.0
223.0,236.0
224.0,236.0
224.0,236.0
224.0,236.0
224.0,236.0
224.0,236.0
224.0,235.0
224.0,235.0
224.0,235.0
224.0,235.0
224.0,235.0
224.0,235.0
224.0,234.0
224.0,234.0
224.0,234.0
224.0,234.0
224.0,234.0
224.0,234.0
224.0,234.0
224.0,234.0
224.0,233.0
224.0,233.0
224.0,233.0
224.0,233.0
224.0,232.0
223.0,232.0
223.0,232.0
223.0,232.0
223.0,231.0
223.0,231.0
223.0,231.0
223.0,231.0
223.0,231.0
223.0,230.0
223.0,230.0
223.0,230.0
223.0,230.0
223.0,230.0
222.0,229.0
222.0,229.0
222.0,229.0
222.0,229.0
222.0,228.0
222.0,228.0
222.0,228.0
222.0,228.0
221.0,227.0
221.0,227.0
221.0,227.0
221.0,227.0
221.0,227.0
221.0,226.0
221.0,226.0
221.0,226.0
220.0,226.0
220.0,225.0
220.0,225.0
220.0,225.0
220.0,225.0
220.0,225.0
220.0,224.0
220.0,224.0
219.0,224.0
219.0,224.0
219.0,223.0
219.0,223.0
219.0,223.0
219.0,223.0
219.0,222.0
219.0,222.0
219.0,222.0
219.0,222.0
219.0,222.0
219.0,222.0
219.0,222.0
219.0,223.0
218.0,223.0
218.0,223.0
218.0,223.0
218.0,223.0
219.0,223.0
219.0,223.0
219.0,223.0
219.0,223.0
219.0,223.0
219.0,222.0
219.0,222.0
220.0,222.0
220.0,222.0
220.0,222.0
220.0,222.0
220.0,222.0
220.0,222.0
220.0,222.0
220.0,222.0
220.0,222.0
221.0,222.0
221.0,222.0
221.0,222.0
221.0,222.0
221.0,222.0
221.0,222.0
221.0,222.0
221.0,222.0
222.0,222.0
222.0,222.0
222.0,222.0
222.0,222.0
222.0,221.0
222.0,221.0
222.0,221.0
222.0,221.0
222.0,221.0
223.0,221.0
223.0,221.0
223.0,221.0
223.0,221.0
223.0,221.0
223.0,221.0
223.0,221.0
223.0,221.0
223.0,221.0
224.0,221.0
224.0,221.0
224.0,221.0
224.0,221.0
224.0,221.0
224.0,221.0
224.0,220.0
224.0,220.0
224.0,220.0
225.0,220.0
225.0,220.0
225.0,220.0
225.0,220.0
225.0,220.0
225.0,220.0
225.0,220.0
225.0,220.0
225.0,220.0
226.0,220.0
226.0,220.0
226.0,220.0
226.0,220.0
226.0,220.0
226.0,220.0
226.0,219.0
226.0,219.0
226.0,219.0
227.0,219.0
227.0,219.0
227.0,219.0
227.0,219.0
227.0,219.0
227.0,219.0
227.0,219.0
227.0,219.0
227.0,219.0
228.0,219.0
228.0,219.0
228.0,219.0
228.0,219.0
228.0,219.0
228.0,218.0
228.0,218.0
228.0,218.0
228.0,218.0
228.0,218.0
228.0,218.0
229.0,218.0
229.0,218.0
229.0,218.0
229.0,218.0
229.0,218.0
229.0,218.0
229.0,218.0
229.0,218.0
229.0,218.0
229.0,217.0
230.0,217.0
230.0,217.0
