x,y
7.128080406742371e-15,-3.14927445510296e-10
7.128080406742371e-15,-3.14927445510296e-10
7.128080406742371e-15,-3.14927445510296e-10
7.128080406742371e-15,-3.14927445510296e-10
7.128080406742371e-15,-3.14927445510296e-10
7.128080406742371e-15,-3.14927445510296e-10
7.128080406742371e-15,-3.14927445510296e-10
7.128080406742371e-15,-3.14927445510296e-10
7.128080406742371e-15,-3.14927445510296e-10
7.128080406742371e-15,-3.14927445510296e-10
7.128080406742371e-15,-3.14927445510296e-10
7.128080406742371e-15,-3.14927445510296e-10
7.128080406742371e-15,-3.14927445510296e-10
7.128080406742371e-15,-3.14927445510296e-10
1.9769742212651792e-14,-5.53668850031515e-10
1.9769742212651792e-14,-5.53668850031515e-10
1.9769742212651792e-14,-5.53668850031515e-10
1.9769742212651792e-14,-5.53668850031515e-10
1.9769742212651792e-14,-5.53668850031515e-10
1.9769742212651792e-14,-5.53668850031515e-10
1.9769742212651792e-14,-5.53668850031515e-10
1.9769742212651792e-14,-5.53668850031515e-10
1.9769742212651792e-14,-5.53668850031515e-10
1.9769742212651792e-14,-5.53668850031515e-10
1.9769742212651792e-14,-5.53668850031515e-10
1.9769742212651792e-14,-5.53668850031515e-10
1.9769742212651792e-14,-5.53668850031515e-10
1.9769742212651792e-14,-5.53668850031515e-10
1.9769742212651792e-14,-5.53668850031515e-10
1.9769742212651792e-14,-5.53668850031515e-10
1.9769742212651792e-14,-5.53668850031515e-10
1.9769742212651792e-14,-5.53668850031515e-10
1.9769742212651792e-14,-5.53668850031515e-10
1.9769742212651792e-14,-5.53668850031515e-10
1.9769742212651792e-14,-5.53668850031515e-10
1.9769742212651792e-14,-5.53668850031515e-10
1.9769742212651792e-14,-5.53668850031515e-10
1.9769742212651792e-14,-5.53668850031515e-10
1.9769742212651792e-14,-5.53668850031515e-10
1.9769742212651792e-14,-5.53668850031515e-10
1.9769742212651792e-14,-5.53668850031515e-10
1.9769742212651792e-14,-5.53668850031515e-10
1.9769742212651792e-14,-5.53668850031515e-10
1.9769742212651792e-14,-5.53668850031515e-10
1.9769742212651792e-14,-5.53668850031515e-10
1.9769742212651792e-14,-5.53668850031515e-10
1.9769742212651792e-14,-5.53668850031515e-10
1.2551944076136246e-15,-3.3340821820945044e-10
1.2551944076136246e-15,-3.3340821820945044e-10
1.2551944076136246e-15,-3.3340821820945044e-10
1.2551944076136246e-15,-3.3340821820945044e-10
1.2551944076136246e-15,-3.3340821820945044e-10
1.2551944076136246e-15,-3.3340821820945044e-10
1.2551944076136246e-15,-3.3340821820945044e-10
1.2551944076136246e-15,-3.3340821820945044e-10
1.2551944076136246e-15,-3.3340821820945044e-10
1.2551944076136246e-15,-3.3340821820945044e-10
1.2551944076136246e-15,-3.3340821820945044e-10
1.2551944076136246e-15,-3.3340821820945044e-10
1.2551944076136246e-15,-3.3340821820945044e-10
1.2551944076136246e-15,-3.3340821820945044e-10
1.2551944076136246e-15,-3.3340821820945044e-10
1.2551944076136246e-15,-3.3340821820945044e-10
1.2551944076136246e-15,-3.3340821820945044e-10
1.2551944076136246e-15,-3.3340821820945044e-10
1.2551944076136246e-15,-3.3340821820945044e-10
1.2551944076136246e-15,-3.3340821820945044e-10
1.2551944076136246e-15,-3.3340821820945044e-10
1.2551944076136246e-15,-3.3340821820945044e-10
1.2551944076136246e-15,-3.3340821820945044e-10
1.2551944076136246e-15,-3.3340821820945044e-10
1.2551944076136246e-15,-3.3340821820945044e-10
1.2551944076136246e-15,-3.3340821820945044e-10
1.2551944076136246e-15,-3.3340821820945044e-10
1.2551944076136246e-15,-3.3340821820945044e-10
1.2551944076136246e-15,-3.3340821820945044e-10
1.2551944076136246e-15,-3.3340821820945044e-10
1.2551944076136246e-15,-3.3340821820945044e-10
1.2551944076136246e-15,-3.3340821820945044e-10
1.2551944076136246e-15,-3.3340821820945044e-10
1.2551944076136246e-15,-3.3340821820945044e-10
1.2551944076136246e-15,-3.3340821820945044e-10
1.2551944076136246e-15,-3.3340821820945044e-10
1.2551944076136246e-15,-3.3340821820945044e-10
3.967299037031802e-14,-6.42301123524192e-10
3.967299037031802e-14,-6.42301123524192e-10
3.967299037031802e-14,-6.42301123524192e-10
-2.5310686006266888e-05,-4.667715030783035e-09
8.78551314272176e-14,-9.576057240434238e-10
9.225104268808723e-14,-9.926814751924183e-10
9.225104268808723e-14,-9.926814751924183e-10
9.225104268808723e-14,-9.926814751924183e-10
9.225104268808723e-14,-9.926814751924183e-10
9.225104268808723e-14,-9.926814751924183e-10
9.225104268808723e-14,-9.926814751924183e-10
9.225104268808723e-14,-9.926814751924183e-10
9.225104268808723e-14,-9.926814751924183e-10
9.225104268808723e-14,-9.926814751924183e-10
9.225104268808723e-14,-9.926814751924183e-10
9.225104268808723e-14,-9.926814751924183e-10
9.225104268808723e-14,-9.926814751924183e-10
-2.5310686017076736e-05,-4.5975635287573756e-09
-4.284258765894361e-15,-3.688611293866445e-10
-4.284258765894361e-15,-3.688611293866445e-10
-4.284258765894361e-15,-3.688611293866445e-10
-4.284258765894361e-15,-3.688611293866445e-10
-4.284258765894361e-15,-3.688611293866445e-10
-4.284258765894361e-15,-3.688611293866445e-10
-4.284258765894361e-15,-3.688611293866445e-10
-4.284258765894361e-15,-3.688611293866445e-10
-4.284258765894361e-15,-3.688611293866445e-10
-4.284258765894361e-15,-3.688611293866445e-10
-4.284258765894361e-15,-3.688611293866445e-10
-4.284258765894361e-15,-3.688611293866445e-10
-4.284258765894361e-15,-3.688611293866445e-10
-4.284258765894361e-15,-3.688611293866445e-10
-4.284258765894361e-15,-3.688611293866445e-10
-4.284258765894361e-15,-3.688611293866445e-10
-4.284258765894361e-15,-3.688611293866445e-10
-4.284258765894361e-15,-3.688611293866445e-10
-1.100913454908474e-13,3.115330082769241e-10
-1.100913454908474e-13,3.115330082769241e-10
-1.100913454908474e-13,3.115330082769241e-10
-1.100913454908474e-13,3.115330082769241e-10
-1.100913454908474e-13,3.115330082769241e-10
-1.100913454908474e-13,3.115330082769241e-10
-1.100913454908474e-13,3.115330082769241e-10
-1.100913454908474e-13,3.115330082769241e-10
-1.100913454908474e-13,3.115330082769241e-10
-1.100913454908474e-13,3.115330082769241e-10
-1.100913454908474e-13,3.115330082769241e-10
-1.100913454908474e-13,3.115330082769241e-10
-1.100913454908474e-13,3.115330082769241e-10
-1.100913454908474e-13,3.115330082769241e-10
-1.100913454908474e-13,3.115330082769241e-10
2.5310685837633125e-05,4.913245274644192e-09
-6.872824656395035e-14,8.938658644025072e-11
-6.872824656395035e-14,8.938658644025072e-11
-6.872824656395035e-14,8.938658644025072e-11
-6.872824656395035e-14,8.938658644025072e-11
-6.872824656395035e-14,8.938658644025072e-11
-6.872824656395035e-14,8.938658644025072e-11
-6.872824656395035e-14,8.938658644025072e-11
-6.872824656395035e-14,8.938658644025072e-11
-6.872824656395035e-14,8.938658644025072e-11
-6.872824656395035e-14,8.938658644025072e-11
-6.872824656395035e-14,8.938658644025072e-11
-6.872824656395035e-14,8.938658644025072e-11
-6.872824656395035e-14,8.938658644025072e-11
-6.872824656395035e-14,8.938658644025072e-11
-6.872824656395035e-14,8.938658644025072e-11
-6.872824656395035e-14,8.938658644025072e-11
-6.872824656395035e-14,8.938658644025072e-11
-6.872824656395035e-14,8.938658644025072e-11
-6.872824656395035e-14,8.938658644025072e-11
-6.872824656395035e-14,8.938658644025072e-11
-6.872824656395035e-14,8.938658644025072e-11
-6.872824656395035e-14,8.938658644025072e-11
-6.872824656395035e-14,8.938658644025072e-11
-6.872824656395035e-14,8.938658644025072e-11
-6.872824656395035e-14,8.938658644025072e-11
-6.872824656395035e-14,8.938658644025072e-11
-6.872824656395035e-14,8.938658644025072e-11
-6.872824656395035e-14,8.938658644025072e-11
2.5310686018383258e-05,3.8470178784636335e-09
-8.151269779597611e-14,1.7651022613716315e-10
-8.151269779597611e-14,1.7651022613716315e-10
-8.151269779597611e-14,1.7651022613716315e-10
-1.453206959877839e-13,5.891217485857303e-10
-1.453206959877839e-13,5.891217485857303e-10
-1.453206959877839e-13,5.891217485857303e-10
-1.453206959877839e-13,5.891217485857303e-10
-1.453206959877839e-13,5.891217485857303e-10
-1.453206959877839e-13,5.891217485857303e-10
-1.453206959877839e-13,5.891217485857303e-10
-1.453206959877839e-13,5.891217485857303e-10
-1.453206959877839e-13,5.891217485857303e-10
-1.453206959877839e-13,5.891217485857303e-10
-1.453206959877839e-13,5.891217485857303e-10
-1.453206959877839e-13,5.891217485857303e-10
-1.453206959877839e-13,5.891217485857303e-10
-1.453206959877839e-13,5.891217485857303e-10
-1.453206959877839e-13,5.891217485857303e-10
-1.453206959877839e-13,5.891217485857303e-10
-1.453206959877839e-13,5.891217485857303e-10
-1.453206959877839e-13,5.891217485857303e-10
-1.453206959877839e-13,5.891217485857303e-10
-1.453206959877839e-13,5.891217485857303e-10
-1.453206959877839e-13,5.891217485857303e-10
-1.453206959877839e-13,5.891217485857303e-10
-1.453206959877839e-13,5.891217485857303e-10
-1.453206959877839e-13,5.891217485857303e-10
-1.453206959877839e-13,5.891217485857303e-10
-1.453206959877839e-13,5.891217485857303e-10
-1.453206959877839e-13,5.891217485857303e-10
-1.453206959877839e-13,5.891217485857303e-10
-1.453206959877839e-13,5.891217485857303e-10
-1.453206959877839e-13,5.891217485857303e-10
-1.453206959877839e-13,5.891217485857303e-10
2.5310685960070772e-05,4.221536380944413e-09
-1.2451535435316005e-13,4.4693295132288424e-10
-1.2153816229256917e-13,4.265663861972542e-10
-1.2153816229256917e-13,4.265663861972542e-10
-1.2153816229256917e-13,4.265663861972542e-10
-1.2153816229256917e-13,4.265663861972542e-10
-1.2153816229256917e-13,4.265663861972542e-10
-1.2153816229256917e-13,4.265663861972542e-10
-1.2153816229256917e-13,4.265663861972542e-10
-1.2153816229256917e-13,4.265663861972542e-10
-1.2153816229256917e-13,4.265663861972542e-10
-1.2153816229256917e-13,4.265663861972542e-10
-1.2153816229256917e-13,4.265663861972542e-10
-1.2153816229256917e-13,4.265663861972542e-10
-1.2153816229256917e-13,4.265663861972542e-10
-1.2153816229256917e-13,4.265663861972542e-10
-1.2153816229256917e-13,4.265663861972542e-10
-1.2153816229256917e-13,4.265663861972542e-10
-1.2153816229256917e-13,4.265663861972542e-10
-1.2153816229256917e-13,4.265663861972542e-10
-1.2153816229256917e-13,4.265663861972542e-10
-1.2153816229256917e-13,4.265663861972542e-10
-1.2153816229256917e-13,4.265663861972542e-10
-1.2153816229256917e-13,4.265663861972542e-10
-1.2153816229256917e-13,4.265663861972542e-10
-1.2153816229256917e-13,4.265663861972542e-10
-1.2153816229256917e-13,4.265663861972542e-10
-1.2800972779068547e-13,4.714482611959797e-10
-1.2800972779068547e-13,4.714482611959797e-10
-1.2800972779068547e-13,4.714482611959797e-10
-1.2800972779068547e-13,4.714482611959797e-10
-1.2800972779068547e-13,4.714482611959797e-10
-1.2800972779068547e-13,4.714482611959797e-10
-1.2800972779068547e-13,4.714482611959797e-10
-1.2800972779068547e-13,4.714482611959797e-10
-1.2800972779068547e-13,4.714482611959797e-10
2.5310686017590645e-05,3.754614016068499e-09
-6.847491595008554e-14,4.073312429575196e-11
0.0017970004738763446,1.4470080492809306e-05
0.013414321473537496,8.090263305842174e-05
0.04125035862212885,-0.0004595230463637196
0.06472399124268279,-0.0012890496981157538
0.073677845075393,-0.0016204051099834543
0.0961669243820098,-0.002357678048631423
0.13133521553060098,-0.003334470301839116
0.1563091822176286,-0.003950094127531019
0.16529383543424828,-0.004057372793466351
0.18847819441452301,-0.004058169874039536
0.22010590195679774,-0.0033010142998893145
0.23221263202529863,-0.0026575554042966836
0.23410938754045119,-0.0025809589675176415
0.238411099240858,-0.0024878634033064936
0.24215701693567523,-0.0025027623172805785
0.2476715613312455,-0.002685118221940635
0.25647224466795315,-0.003046961499951592
0.2749630516615426,-0.0036917121684650824
0.2988227556493563,-0.004319290117242557
0.3243025134153291,-0.004955643133681848
0.33419230846093984,-0.005319254384943165
0.3371769052541088,-0.005430276258113666
0.3451947721140722,-0.005730539476373402
0.36029613957039375,-0.006255030203539457
0.3673003892209255,-0.006562868251313226
0.37038291184152766,-0.006745087289634545
0.380157600092106,-0.007379203312894979
0.403348410868197,-0.008814909318688079
0.4280365139245991,-0.010227782319939174
0.43741516750710024,-0.010694608840281472
0.4616649453805519,-0.011753610909387023
0.49521158863807135,-0.01270932718883576
0.5061705568328988,-0.012598873966765883
0.5077651196409535,-0.012593105808231869
0.5132574646727086,-0.012620360790853836
0.5347966190611445,-0.012566192271615864
0.556308986818721,-0.012299188401351075
0.5692654936680492,-0.012041385619441356
0.5867761703266472,-0.01165250754379286
0.603200057504806,-0.011354172748696848
0.6238524299669043,-0.011242900741715318
0.6350333669572008,-0.011618167968370273
0.6581552606228667,-0.012362639401154037
0.6672647842959157,-0.012568396182627145
0.693637263462564,-0.012801395396829368
0.7169230300118493,-0.012758330044045902
0.7264143635693,-0.012700886497181136
0.7452956951290365,-0.012752759721795983
0.7687615923639471,-0.01376833615202407
0.7932811124005801,-0.015018364556761744
0.8034418454849358,-0.015555030307366503
0.8290941882304074,-0.016951853363965215
0.8646539692322013,-0.018882029388961174
0.890256679124176,-0.020259232439256963
0.9005169290554869,-0.020830456716454157
0.9255293072731251,-0.022333661351706696
0.9570868409261999,-0.024913510182625758
0.9799923653841036,-0.027074246907762698
0.9866251365425621,-0.02788403334499404
1.0027741041010578,-0.030435949503101474
1.0183039723427596,-0.033699177640981015
1.0417621061652607,-0.04011909786806865
1.0523431905392442,-0.043426942655430005
1.0665343625918977,-0.04831040215631414
1.0846126914259955,-0.055452680390781356
1.1089341115231945,-0.06659003594635728
1.1274571306925574,-0.07606333288248525
1.1349800616227714,-0.08013687438580239
1.1527252197319346,-0.0902512007798277
1.174783294666348,-0.10390545350013122
1.1903153964736404,-0.11423559949482921
1.1965149658904704,-0.11857591943055167
1.211849278686499,-0.1298079327266738
1.2324184733172785,-0.14594635423992755
1.2459809432952236,-0.157228113687921
1.2514776010463322,-0.16197731104849458
1.2655004889832604,-0.17458333494396738
1.2831979876858122,-0.1913423123345412
1.2957764963164884,-0.20392716140220143
1.300841314654187,-0.20920482603165252
1.3134808261883366,-0.22295753038708735
1.325711402880557,-0.23704219754054787
1.3387270644023928,-0.25151146365893934
1.3446881453162078,-0.2576123913490011
1.3544087023684968,-0.2668186340061943
1.3673447390050377,-0.2778986500423654
1.3899266940673423,-0.29520057523772203
1.4088952042548726,-0.30922412782088704
1.4164445171747475,-0.3146798281313154
1.4353147491395475,-0.3279744480109943
1.4599364047774475,-0.3442393433104037
1.4687029445669346,-0.34930379937050793
1.4831854596064327,-0.35721368227884853
1.5007475113286988,-0.36595022373864117
1.5285137793715617,-0.3786889326698052
1.5443414220866023,-0.38576590659113186
1.5481123990380714,-0.3874394219719866
1.5545661460618054,-0.3902427685506847
1.5735712502176271,-0.3994831278918467
1.5891803052084812,-0.4078114092497708
1.5960728082985058,-0.4117172208588201
1.6083146903130707,-0.4190598867873999
1.6199682097604982,-0.4261035609158836
1.629875387165691,-0.43135383568368135
1.6417819874007205,-0.4374781843758743
1.6542495057921878,-0.4439496308078387
1.6704460152299514,-0.4531519260054834
1.6980539406635473,-0.4698611982526947
1.706143521294891,-0.4747283343640189
1.7113128299098523,-0.4775677929162136
1.7102410762900193,-0.4771822781463524
1.7082979791251114,-0.47671836636624904
1.7071633005571583,-0.4766230489880485
1.7064040120901336,-0.4766160644634806
1.700160122583867,-0.4769123335208714
1.70523259847301,-0.4760937502958612
1.724322369673987,-0.4727063971257003
1.733878954834547,-0.4710799968158539
1.7577880470608283,-0.4671977201000427
1.7909891667702726,-0.46229209681842065
1.8153934429601573,-0.45898528237176384
1.825628142876547,-0.45760945881353265
1.8506463836908482,-0.45431098234548867
1.8859467636473957,-0.4498058652011397
1.9089154553248844,-0.44726915131412187
1.9176133959115054,-0.4464965480669454
1.9394964210151235,-0.4448569341960003
1.9487280906413182,-0.444087218557689
1.9481484251962136,-0.4441409020547693
1.947543576080168,-0.444197124027321
1.9470899152222974,-0.44423903083549104
1.946963880247434,-0.44425047444573446
1.9471155415271675,-0.44424169052613743
1.9488075400331273,-0.44412796755013884
1.9561137901084997,-0.4437751385365206
1.9648096199848832,-0.44333673612651375
1.9796178141420888,-0.44188254050679293
1.9935890736041153,-0.43965082276157513
2.0010786706999513,-0.4384007382379257
2.010282638609661,-0.4369717627825556
2.0169352003975125,-0.43611709156492673
2.029173765032958,-0.4346490925217139
2.03405137920181,-0.43408370551219744
2.0477301990606223,-0.43251033530482136
2.073908810546937,-0.4297590598035762
2.097095812622248,-0.42761602941203203
2.1073048961551195,-0.42669186079538174
2.128220644843859,-0.42448375603834504
2.130851099126849,-0.424104110512309
2.143166582856263,-0.4224448473429454
2.142965667725291,-0.42247001645438576
2.139463320603546,-0.4230063451791728
2.139463320603546,-0.4230063451791728
2.15160827845914,-0.4206216893905932
2.1709960242198494,-0.4171758936170709
2.180264831462035,-0.4155199132291207
2.1885726242458476,-0.41382463098185707
2.1880069181584814,-0.4139619306330696
2.185364793293375,-0.4146629001806193
2.1843663703009706,-0.4149458347618854
2.183545193752761,-0.4152029941673568
2.1790105803016604,-0.4168773412948676
2.175689676037872,-0.41831644764017883
2.173877246066025,-0.41916100355634484
2.1715683406461754,-0.4203157034207708
2.16812030995848,-0.4222900708125949
2.1664182212711895,-0.4233866730537322
2.165963009939216,-0.4237073722458269
2.1648169471915306,-0.42458345556961363
2.1672727142274932,-0.42228264465258325
2.168014241226747,-0.4214860445517381
2.167259917867895,-0.4224058242096782
2.166128525565431,-0.42396145014324355
2.1654198348520426,-0.4249792478292292
2.165004116864674,-0.425585193798881
2.1663019142662785,-0.42298023569444176
2.1674731335809128,-0.4200146526006206
2.1678226117353883,-0.4189839288498521
2.1682494233043665,-0.4174999612369985
2.1673153632083126,-0.4219331597758655
2.1669554025392217,-0.4238485523183344
2.166153377775749,-0.4286158226011615
2.1652762843994062,-0.43529067530202087
2.1648866313209543,-0.4393469029024465
2.1648565784768787,-0.43987757702922897
2.164835757155824,-0.4389665653138096
2.164905874068367,-0.4399003164896579
2.1645856009981768,-0.4376963938965207
2.164436252685568,-0.4369519055881767
2.1641357072706917,-0.4357488158330303
2.165118127733817,-0.43867625761902906
2.1667604487042316,-0.44319608060633425
2.1674832920481726,-0.4450603967271951
2.1693512000274136,-0.44960137352055435
2.171335435769853,-0.4540651039398548
2.1743319308208946,-0.46020656386637016
2.1766328963842416,-0.46454425471183175
2.1790112776834754,-0.46872384116136173
2.181047567792917,-0.4721066085416079
2.1836531412034503,-0.47617854487855943
2.185249174081121,-0.47855191680526166
2.1875130995985645,-0.48178676057149256
2.190404768647042,-0.48569235460140125
2.1947130625872475,-0.4910940614922395
2.1978696234144364,-0.49478886847237397
2.199150206881269,-0.496224274247876
2.202423706439886,-0.4997470351279995
2.2071676661862645,-0.504523889414007
2.210615612708389,-0.5077662733712552
2.211692718272705,-0.5087260927375926
2.213308109368087,-0.5100277803966923
2.213279471235276,-0.5100282240335791
2.208999577111657,-0.5087990062113031
2.207081510717423,-0.5084535766492804
2.19801952789699,-0.5080703736341818
2.195268522107888,-0.5082784654594588
2.1900560184189253,-0.5092729867497672
2.1844133727077173,-0.5115865638613291
2.1701747412777035,-0.5187002841362393
2.1692428121141734,-0.5192624535635615
2.1683326719884124,-0.519984925316303
2.166687096819087,-0.5220055941361652
2.1656789431980883,-0.5235237036752219
2.1636972166380684,-0.5271694224613671
2.1600063679643244,-0.5364049377274683
2.1553007872618166,-0.5523737401650751
2.153261931820988,-0.5604736023503418
2.147910010622786,-0.582459275472667
2.140895699793741,-0.6127387609691569
2.136080091636856,-0.6346408248448857
2.134275228436514,-0.643236183368082
2.130071688714951,-0.6644902023851426
2.1249242780344844,-0.6938322425658445
2.1217978804158006,-0.7141707928022937
2.1206450925675138,-0.7224178288383204
2.117967731221338,-0.7434583126414547
2.1156973808831916,-0.7644447822599078
2.113549802668511,-0.7922021001801054
2.1126668026452884,-0.8118736931927304
2.1124563686986826,-0.8309307851089601
2.1125252581763556,-0.8386502370660411
2.11354530601587,-0.8664720259713988
2.1148305989358667,-0.8867810169141165
2.1154792454416778,-0.8951083187964511
2.118238831600269,-0.9246432544416658
2.1206738708202777,-0.9469613543480082
2.1235008542334977,-0.971604194813991
2.124679185868849,-0.9816086949411967
2.1276868292755178,-1.0065106000962836
2.132125939843264,-1.0406709614613139
2.1354944249372187,-1.063558214522987
2.136950918668525,-1.0725272596135538
2.1434555481496873,-1.1076672340500837
2.14716485097598,-1.125069421219134
2.1522476640827044,-1.1465988292578588
2.1544323446780624,-1.15513171437646
2.160280553002676,-1.1764921537551858
2.169281709244553,-1.2062663481152236
2.1760888125584548,-1.2260868162937095
2.183413038736386,-1.2450990985945893
2.191196954618614,-1.2631584042971442
2.19441714086946,-1.2701187259622275
2.206670635848984,-1.2936688104423124
2.2159554620573663,-1.3093782082260703
2.2265830265551956,-1.3256232222777518
2.2314226648397897,-1.33273903754088
2.2504371931687404,-1.3597469257195138
2.2641141139868877,-1.3784361471937685
2.2697121511358103,-1.3858805257117295
2.2839057029236485,-1.4043723868474776
2.3049208797634124,-1.4310253927223138
2.3199895910212036,-1.449698082107709
2.326186089852206,-1.457284256580805
2.351140678890725,-1.4873257221952596
2.363634636288916,-1.502018468276091
2.3792614208104355,-1.5199924924479091
2.3955769527276374,-1.53847368413316
2.40241169731282,-1.5462150173062805
2.4194494764521197,-1.5655441422466565
2.4422156828656205,-1.5916322253944215
2.4575545110600756,-1.6094872032471395
2.4736477334268443,-1.6284287876518924
2.4801533016872797,-1.6361200859718836
2.503012850700529,-1.6633278477452866
2.5194975223592224,-1.683031887141171
2.5259540542873884,-1.6907973405394965
2.542358918226308,-1.7106007593566954
2.5653450653819174,-1.7384934098216194
2.5812320859465143,-1.7580015236763655
2.5966047077961893,-1.7772740570270742
2.602650773504693,-1.7849484640207598
2.623765415693027,-1.812006221775221
2.6392473717080063,-1.8319656484045606
2.645158617046434,-1.8396487907595918
2.668957081498123,-1.8707419802089702
2.6793898054793277,-1.884779097689846
2.693007695890936,-1.9036053263731711
2.6990956588165096,-1.912071727581933
2.714151484904244,-1.9330127892177762
2.728589801392116,-1.9530261522016408
2.74839196867939,-1.9806548714045535
2.7632727840049336,-2.0015344477337838
2.7691751601198957,-2.0098534723741204
2.7839525642111154,-2.0307753810326123
2.804411302426066,-2.060017054940439
2.813146867344783,-2.072593891199366
2.8248750269685656,-2.089502096232221
2.8395015498897496,-2.1105605851114055
2.8593124656155973,-2.1384937167614684
2.873862183899353,-2.1586763773716844
2.8798443617802905,-2.1669069335339506
2.9034167101165083,-2.198803535414001
2.9153407653052614,-2.214664871795611
2.9297495423246547,-2.2334382545817126
2.935607337258254,-2.2409386588867912
2.9589698653443643,-2.2699595668651025
2.9703635803549373,-2.2833946448686606
2.98453672083725,-2.2992759536966285
2.990493206096967,-2.3056957703209733
3.0144635410113847,-2.3301495346387195
3.0269068328094435,-2.3420397873867627
3.042702997380244,-2.3563831245795064
3.0594002196273555,-2.370816447159194
3.077637472336922,-2.3861743421254276
3.091061076859422,-2.397026385956165
3.1081071880944995,-2.41010988036612
3.1262411867735858,-2.4234312961698983
3.146170754825806,-2.4378125765976977
3.153809560663276,-2.4432302336505805
3.1723520166505224,-2.455931783990202
3.19959589029912,-2.4738347646034824
3.219642932310516,-2.4865535028186483
3.22769620989435,-2.4915767918425287
3.2552291610280757,-2.5080168389991853
3.274711359293861,-2.519019387054293
3.2937795442552598,-2.529090162499759
3.3015493643338347,-2.5330194865537106
3.3296861193281795,-2.546575647069085
3.3491050764738928,-2.5551686031907574
3.3565649805364774,-2.558257464908188
3.3768739957923954,-2.5662287588324593
3.4051000619732497,-2.5762930115761438
3.427594342930342,-2.5838069462997466
3.4368809299925105,-2.5868418654079006
3.473734423030294,-2.5984853513508233
3.492727745580189,-2.604318559148416
3.507389041230537,-2.608825123087654
3.541111436758962,-2.6193734214322295
3.5507450947611328,-2.6224035541881
3.5715740814943078,-2.628724654288793
3.6013751666422102,-2.6371894349613654
3.6219069502437073,-2.642610760048276
3.6296992876121004,-2.644522782860843
3.6502259382495064,-2.6492245713980593
3.680998267849193,-2.655771627645683
3.704128924447167,-2.6605290034477043
3.7131923866014414,-2.662318332369702
3.7502790913527133,-2.6692987719820134
3.7594981109143517,-2.6709455995040954
3.7894237195727443,-2.6756680252813005
3.8110746427502344,-2.6785575540671633
3.819499322882028,-2.6795164915847907
3.849536221052206,-2.6823455021370757
3.874730765877727,-2.68448675387499
3.89965369656622,-2.6865349422684774
3.924185596862326,-2.6883899554851216
3.9481282570851155,-2.6899658428166084
3.9669567182688006,-2.6909888638877155
3.9894680801458624,-2.691811983796591
3.9988052100405467,-2.6920286441327335
4.020369189856351,-2.692079964125203
4.040889357894598,-2.691561912720872
4.070513172380136,-2.690028229773664
4.092348565007634,-2.688433256379827
4.1010997734993575,-2.6876888981000033
4.123219098010658,-2.6855483278682595
4.1536567358768055,-2.681941649896487
4.175422961800736,-2.67895929563368
4.184489293633165,-2.677635492232038
4.207634816424882,-2.674110845766109
4.240633825673776,-2.6688859224022567
4.264150681011285,-2.6651144807669227
4.287250234396272,-2.661300041917766
4.3123540171969985,-2.657194826594235
4.332742484180832,-2.6538966024710167
4.357714218125081,-2.6499264635713304
4.367615378192808,-2.648368196658791
4.407836619400247,-2.641983171366509
4.428186856986845,-2.638766472974641
4.453524643780621,-2.634843315866928
4.4687650786252995,-2.6325352964004876
4.489115430600801,-2.6294856732928693
4.523394802395833,-2.6244308953470132
4.529676308359684,-2.6231900920763693
4.5288852753660835,-2.623458259547039
4.525557742739422,-2.6250536027253824
4.525622635306009,-2.6250141738983714
4.53092654096041,-2.621248881673892
4.53438842745593,-2.6187364569209826
4.539458608633155,-2.6147026532045223
4.5426879848883095,-2.6119367245209317
4.546561353172928,-2.60833434389844
4.5509088053572535,-2.6039127726701308
4.554272434090247,-2.6001979637828105
4.5530912254349944,-2.6015857207894455
4.548278514534489,-2.607717093868924
4.542326276980128,-2.616339877876279
4.536889403253352,-2.625590498420413
4.532824104524702,-2.6339126809965308
4.530249472714802,-2.6398861435233294
4.529772819954596,-2.6410311136340647
4.5295107073886385,-2.6416622371465572
4.529248636147159,-2.6422933778200783
4.529044802567824,-2.6427842648480278
4.528811844151666,-2.6433452762048555
4.528588604133047,-2.6438829169868714
4.528326591022375,-2.644514081794841
4.528084013416248,-2.6450985049143445
4.527889954759611,-2.6455660448328997
4.527637681159255,-2.64617384782829
4.527443975040666,-2.646641533892419
4.527192438759935,-2.6472496423943555
4.5269892752987895,-2.647740807143008
4.526728076947942,-2.648372309563358
4.526486227592495,-2.648957034427601
4.526370141758814,-2.6492377031304835
4.526118621931112,-2.6498458184377442
4.525847759791314,-2.6505007140653394
4.525470482196672,-2.651412887914197
4.525228643489348,-2.6519976171825133
4.524967454888812,-2.652629123635633
4.524764311289303,-2.6531202965993064
4.524512800157998,-2.6537284155033714
4.5242806400128925,-2.6542897576746523
4.524009740730505,-2.6549446379389874
4.52392267489981,-2.6551551388641674
4.523603471970621,-2.6559269914905386
4.523361763251274,-2.6565117745037767
4.52310072393276,-2.657143342678685
4.522907359914449,-2.657611170311558
4.522646326319297,-2.658242740851988
4.522394964409333,-2.658850921450878
4.522288615379413,-2.65910822713674
4.522037237817728,-2.659716401266518
4.521669844791639,-2.6606052731938967
4.521418466750336,-2.661213447125443
4.521147756602697,-2.6618684055957145
4.520877049406655,-2.662523365285945
4.520683686572049,-2.6629911934080717
4.5204129787067755,-2.663646152821688
4.520316296780575,-2.663880066672417
4.520074599393578,-2.6644648543695553
4.519823228092014,-2.6650730310867714
4.519446290809412,-2.665985345613694
4.519214410807219,-2.666546803564739
4.518963219582345,-2.6671550546799834
4.5187603333414375,-2.667646334005349
4.518509181317443,-2.668254601305809
4.518393343003291,-2.6685353722561196
4.518036216547566,-2.669401099880867
4.517843188543717,-2.6698690662550546
4.517572958293118,-2.670524222872523
4.517322057995448,-2.6711325940513593
4.517215991437937,-2.6713900163066513
4.517062115001192,-2.671764614109403
4.5167358221882985,-2.6725609194871103
4.51649595630054,-2.6731464608037085
4.516400014330686,-2.6733806791267263
4.515968254845375,-2.6744346531331673
4.515757169673688,-2.674949928184828
4.515594062035754,-2.675348096757677
4.515239080122949,-2.676214705935581
4.515133543971468,-2.676472346097187
4.51476897632599,-2.6773623805744253
4.514519562011218,-2.677971362470559
4.5142797113991096,-2.678556910044262
4.51403989706521,-2.6791424724771775
4.513828862341687,-2.6796577681923015
4.5135890772353084,-2.6802433425941143
4.513358990184764,-2.6808055376798956
4.513253559572349,-2.6810632210478174
4.512851068075465,-2.6820471282596046
4.51264026919626,-2.6825625204996446
4.512381562101232,-2.683195047593431
4.512132440213432,-2.6838041491741618
4.511883318635618,-2.6844132508816916
4.51168209778359,-2.6849052146719967
4.511423387464402,-2.6855377404470224
4.511155107267172,-2.686193698004787
4.510896408114623,-2.686826228347037
4.510676027636379,-2.6873650475758724
4.510417316303422,-2.687997572936306
4.510168191505615,-2.6886066733268428
4.5100532079102535,-2.6888877953899346
4.509717877905279,-2.689707750615002
4.509468762052541,-2.690316854664047
4.50922922195647,-2.6909025293348146
4.508970522447853,-2.6915350595314265
4.508711821168651,-2.6921675890038816
4.508520232150512,-2.6926361463488067
4.508271193828638,-2.693245282101246
4.5080317537711005,-2.693830997677633
4.507773156130346,-2.694463569527769
4.507562446849937,-2.694978998405223
4.507313431971609,-2.695588143741755
4.507064414685799,-2.6961972880940914
4.506949486991326,-2.6964784330150966
4.506595147237061,-2.6973453049573055
4.5063270006087475,-2.6980013171275763
4.50606843471108,-2.6986339019534773
4.505809864893498,-2.699266485177109
4.505704519545357,-2.6995242034142723
4.505340600440176,-2.700414503264787
4.505072456392557,-2.7010705164899136
4.504823427016541,-2.7016796558989298
4.504698869659887,-2.701984208156463
4.504382689497946,-2.702757303942559
4.504123992680116,-2.7033898352396823
4.503884460761139,-2.703975513254795
4.503644951712117,-2.7045612006224973
4.5034533854039,-2.7050297672529946
4.503204347660154,-2.7056389032417854
4.502955303185603,-2.7062480364787254
4.502849936746878,-2.706505746093867
4.502495520665429,-2.7073725868329004
4.502246472412146,-2.7079817185248807
4.501987850727465,-2.708614280545219
4.50171965887626,-2.7092702742286967
4.501518510189722,-2.7097622675295896
4.501259882782471,-2.710394827210256
4.5009916875826095,-2.711050819524685
4.5007426448158965,-2.71165995345986
4.500627704720953,-2.7119410933114256
4.500263736123909,-2.7128313729300233
4.500024276203354,-2.713417080385983
4.499765704106988,-2.714049662677394
4.499564624238598,-2.714541684108641
4.499325247669486,-2.71512742563504
4.499076336562785,-2.7157366133822873
4.498856288143658,-2.7162755683038236
4.498751066142682,-2.7165333369261426
4.498397108371428,-2.7174003649082623
4.498148385032086,-2.7180096293427125
4.4978996761056615,-2.7186188996608616
4.4976509610601205,-2.7192281674810883
4.4974596405372536,-2.7196968345219545
4.497201347153372,-2.7203295306680015
4.496933493197574,-2.72098566239272
4.496675202524741,-2.7216183596455292
4.496474314281492,-2.7221104593468057
4.496225596353083,-2.722719725990189
4.49597687044375,-2.723328989375496
4.495708985235073,-2.7239851083406488
4.495603728880661,-2.72424286293712
4.4952592550920665,-2.725086424068834
4.495010477608051,-2.7256956663967182
4.494761725225391,-2.726304918973813
4.494656486370104,-2.7265626807155043
4.4943407630120635,-2.7273359631674285
4.494101627268798,-2.7279218030548003
4.49384338126541,-2.7285545185415163
4.493594686729711,-2.729163794733866
4.493403390677934,-2.729632471763631
4.493154714261085,-2.7302417553514142
4.4930590720597365,-2.730476096243582
4.49265739488315,-2.731460336181154
4.4924565598203525,-2.731952457588748
4.492198337078941,-2.732585182569458
4.492102698648916,-2.7328195250007825
4.491854038655426,-2.7334288152914357
4.491490616146839,-2.734319317969244
4.491251527840742,-2.7349051772181165
4.490983755769051,-2.735561342364582
4.490744670805499,-2.7361472029775165
4.490534278813858,-2.736662761449869
4.490276078312311,-2.737295495506471
4.490123030162733,-2.737670432514541
4.489797802381239,-2.7384671734672064
4.489558580565928,-2.7390529782127326
4.489367221075322,-2.7395216293426192
4.489109024104921,-2.7401543648401554
4.48888910565498,-2.740693372809937
4.488640557868456,-2.741302708881699
4.488439828257209,-2.741794873310969
4.488191308399029,-2.7424042207740262
4.487942782866573,-2.743013565922805
4.487684697595012,-2.7436463469892036
4.487483967278321,-2.7441385111307586
4.487245011178197,-2.744724424315277
4.4870921247975915,-2.7450994273162364
4.4868059836406795,-2.745802770024786
4.486615313757928,-2.7462717021451004
4.486367443970928,-2.74688131433276
4.486110052602573,-2.747514377970066
4.485862193513685,-2.7481239945074956
4.485652445578913,-2.7486398153411176
4.485414105624327,-2.7492259794338754
4.48516623718035,-2.749835592167617
4.484918365010572,-2.7504452033864144
4.484727692508854,-2.750914134441851
4.484489349791365,-2.7515002974111797
4.484241479209169,-2.7521099092755184
4.484003137528644,-2.75269607266648
4.483764805770555,-2.7532822400919583
4.483564607476688,-2.753774620885045
4.483326271630827,-2.754360786648435
4.483068865641492,-2.7549938443409467
4.482811455692976,-2.7556269004236054
4.482611241876812,-2.7561192749051653
4.482353824902973,-2.756752328131172
4.4821154907872565,-2.7573384945980286
4.481858088643922,-2.757971553854322
4.481657900787001,-2.758463938890495
4.481419695307127,-2.7590501576437836
4.481171978853519,-2.7596598321546892
4.48091475021743,-2.7602929619314045
4.4807146874456745,-2.7607853978050256
4.48050529605403,-2.7613013634407446
4.480382141246438,-2.761606485537342
4.480164621791148,-2.762146466094692
4.480070054421114,-2.762381242790601
4.479805523813259,-2.7630387211735035
4.479935591146974,-2.762709106079546
4.479732416480838,-2.763227551236201
4.479483180162405,-2.763863869664621
4.479280112925283,-2.7643823569120736
4.4790401227267305,-2.7649951139236584
4.478790902077899,-2.7656314384898883
4.478550923887101,-2.766244200204205
4.478394299713633,-2.766644963338506
4.478485213193087,-2.7664087479283723
4.478331665027743,-2.76681069975217
4.478106217431626,-2.76740194222158
4.47790781361504,-2.767922231808376
4.477664311309757,-2.7685607664688483
4.47743887524409,-2.769152013335971
4.477204420584148,-2.7697669096385784
4.477015074943234,-2.770263564881707
4.476780646856645,-2.770878471315893
4.476537228548232,-2.771517038001936
4.476311798290347,-2.7721082870833387
4.47607731366592,-2.772723171959959
4.4758789077039,-2.773243460728598
4.475662540628383,-2.773811077372156
4.47542818647615,-2.7744260119881767
4.475184816802633,-2.77506459721147
4.474995534586903,-2.7755612766302638
4.474743169163628,-2.776223519995617
4.474508827801916,-2.776838459486016
4.47425645355086,-2.7775006994872355
4.4740852065998835,-2.7779500793004375
4.473841936087709,-2.778588702303083
4.473616994560787,-2.7791801374923133
4.473383151052309,-2.779795266474064
4.473293208174775,-2.7800318533781767
4.4729784184033,-2.780859911458178
4.4727265975076715,-2.7815223620739555
4.472483775172664,-2.7821611556235526
4.472303903843696,-2.7826343349158744
4.472070080337261,-2.783249471501101
4.471836243986847,-2.7838646032039622
4.471611414869708,-2.7844560811373493
4.471368583433384,-2.785094871227193
4.471170721015958,-2.785615366945087
4.4710268201960615,-2.7859939089508625
4.470694058303054,-2.7868692906665578
4.470451236474302,-2.7875080844086035
4.470262370815273,-2.788004922375261
4.470001560488562,-2.7886910335276425
4.469758733453406,-2.7893298252905696
4.469524902955252,-2.789944959218088
4.46931805167222,-2.790489115687566
4.469057247090625,-2.791175229023783
4.468832419428805,-2.7917667075103547
4.4686076620783215,-2.7923582127174815
4.468418892012071,-2.7928550870117905
4.4681941848814315,-2.7934466112995717
4.46794251450399,-2.794109119113062
4.467708811790668,-2.7947243016001577
4.467520044920128,-2.7952211771085596
4.467286335651754,-2.7958363571054123
4.467052624033836,-2.796451536209657
4.466800941973466,-2.7971140395849745
4.466612204952087,-2.797610926432178
4.46636955668272,-2.7982497861215756
4.46613588804113,-2.798864981551163
4.465893224386505,-2.799503835396804
4.465650563470722,-2.8001426902827773
4.465452845803243,-2.8006632410032015
4.465210190554144,-2.8013020980415733
4.464958530251952,-2.801964609682315
4.464715860889764,-2.802603461359968
4.464536108897713,-2.8030766859990264
4.464284453588034,-2.803739199536199
4.464194575553393,-2.803975811081365
4.463835208011849,-2.8049223121743396
4.463637567264477,-2.8054428921043426
4.463394921202467,-2.80608175263157
4.463170227024111,-2.806673281839478
4.462927567893799,-2.80731213740363
4.462747817843762,-2.8077853627803404
4.46252312723492,-2.8083768933441235
4.462271477432547,-2.8090394089731934
4.462028818663272,-2.809678264674498
4.461938951234289,-2.8099148802480025
4.461606422919115,-2.810790350718792
4.461372748634813,-2.8114055440050967
4.461130097187975,-2.812044402487615
4.460887440638559,-2.812683259032073
4.46068972439692,-2.813203810294077
4.460438076917346,-2.813866326805439
4.460195411190958,-2.8145051798641445
4.4599527552042595,-2.8151440366223484
4.459755036218122,-2.8156645868419186
4.459539333707503,-2.8162324563631445
4.459296759332997,-2.8168713441133297
4.459072183144695,-2.8174629181266635
4.458892525513628,-2.817936178597511
4.458649993023929,-2.8185750822497315
4.45840745578814,-2.819213984100279
4.458173899594429,-2.81982922222898
4.4579942508561325,-2.820302486075569
4.457778674302192,-2.820870403424862
4.457536153715159,-2.8215093115952956
4.457302611656782,-2.8221245550898737
4.457105000412644,-2.82264514621998
4.456871453595463,-2.8232603879081166
4.456628938976013,-2.8238992983437337
4.45637742994777,-2.824561867427287
4.456143892536808,-2.825177112685919
4.455946279890695,-2.825697703283846
4.45569477748304,-2.82636027488054
4.455470217425826,-2.826951855017371
4.455236685124889,-2.8275671022157014
4.455039079184006,-2.82808769535885
4.454904347050955,-2.8284426449218243
4.45459901421435,-2.8292472200360965
4.454356574000384,-2.8298861587091904
4.454168030220064,-2.830383118913979
4.453934618968097,-2.830998412045841
4.453692226101298,-2.831637368682485
4.453467795873167,-2.8322289980852915
4.453306202764214,-2.8326549699865033
4.4530638192832255,-2.833293930183642
4.4528304148202595,-2.8339092258908507
4.452588026255642,-2.8345481841595244
4.452498251436379,-2.834784834885792
4.452157131517331,-2.83568411689928
4.451914751582483,-2.8363230784415987
4.451681353812631,-2.836938376687689
4.451483855230492,-2.837459010569231
4.451241488360324,-2.838097977067164
4.451097886317493,-2.838476632516622
4.45075683207516,-2.839375939440159
4.450523488638268,-2.839991258293363
4.450335014209918,-2.8404882448043436
4.450110627314612,-2.841079890643347
4.4498862622695725,-2.84167154476874
4.449652957190458,-2.842286878166706
4.44946452590757,-2.842783881037827
4.449231228802827,-2.8433992174592806
4.448997919577822,-2.8440145492853492
4.448773589622169,-2.8446062167160764
4.44859412033106,-2.8450795486410616
4.448360812941298,-2.845694881162978
4.448109548068039,-2.8463575428755314
4.447867256550715,-2.846996537950651
4.447678822226476,-2.8474935396686503
4.4474544983366044,-2.8480852093991866
4.4472122288972376,-2.8487242128452857
4.446969943949245,-2.8493632104112896
4.446790472079491,-2.849836541358541
4.446548188337594,-2.850475539381853
4.446305914054058,-2.851114540991335
4.446072610061133,-2.851729874801148
4.445839311727713,-2.8523452107567646
4.445650875923699,-2.8528422119137353
4.445435515398154,-2.853410211218562
4.445202219894503,-2.8540255482470402
4.444977891015166,-2.8546172160858663
4.444771513265859,-2.855161552324915
4.444538214548749,-2.8557768881350416
4.444322854255961,-2.856344887528119
4.444080576657407,-2.8569838878807206
4.443901116408525,-2.8574572232340767
4.443667811337872,-2.8580725566352574
4.443425521061911,-2.8587115521810555
4.44318324452416,-2.8593505529358647
4.4430037836404885,-2.85982388804854
4.442752525134844,-2.8604865521754785
4.442510256763351,-2.8611255560264124
4.442276980560356,-2.8617409003720744
4.442079605534318,-2.8622615811066963
4.441846397916645,-2.862876951448614
4.441595261398758,-2.8635396618160924
4.441496621442827,-2.8638000202060696
4.441138235918083,-2.864746893564107
4.440950145588905,-2.865244025568741
4.440735250820936,-2.8658122012500584
4.44052037702879,-2.8663803848644487
4.440269685265338,-2.8670432636026404
4.440081675629003,-2.8675404261303172
4.439857848169517,-2.868132283837856
4.439625059525793,-2.868747812795746
4.439401229843827,-2.8693396696627897
4.439213210396124,-2.8698368284800186
4.439069955218313,-2.8702156152935876
4.438738677508254,-2.8710915597575273
4.438487971372873,-2.8717544330602336
4.438299934131394,-2.8722515851477106
4.438058190382436,-2.8728907876549235
4.437816448472134,-2.873529990857491
4.4375926073306955,-2.874121843390637
4.437395639083957,-2.8746426781420613
4.437144980508389,-2.875305569430408
4.436903307178535,-2.8759447985654085
4.436661649398208,-2.8765840335789914
4.436482632816612,-2.877057536906507
4.436249918794537,-2.877673094080611
4.43602615075049,-2.878264974254343
4.435784480124403,-2.878904204411542
4.435551760917758,-2.87951975962554
4.4353637847334975,-2.8800169348023332
4.435238472289708,-2.88034838681528
4.43490730914743,-2.881224374599907
4.434674599117524,-2.881839933283245
4.434477683057007,-2.8823607877674124
4.434244968795035,-2.8829763448508214
4.433994356070188,-2.883639253474963
4.433761639381031,-2.884254809640751
4.433564733269176,-2.8847756678860272
4.43332305674732,-2.8854148958141734
4.433090326333336,-2.886030446790988
4.43284865321516,-2.886669676006003
4.43265174732063,-2.8871905343334174
4.432392202314566,-2.88787712513568
4.432159495900055,-2.8884926851857946
4.431917851865913,-2.8891319253958456
4.431729900659072,-2.889629110015608
4.431506221238236,-2.8902210236858994
4.431372055555101,-2.890576187745746
4.431175266566309,-2.8910970902531195
4.4307994924393315,-2.8920915079795204
4.430629479674442,-2.892541356169739
4.430396783046376,-2.893156919919433
4.430173030762156,-2.8937488060511387
4.429967362746586,-2.8942934108434337
4.429779645777672,-2.8947906839493327
4.42955617460753,-2.895382676275021
4.42931481159948,-2.8960220226472893
4.42905558158876,-2.8967087324415015
4.428858948888621,-2.897229693965393
4.428653497242142,-2.8977743804224403
4.428412401098713,-2.8984138274765354
4.428162383711274,-2.8990769608626596
4.427983801857544,-2.8995506283189885
4.4277337915650055,-2.9002137643800223
4.427501643825468,-2.9008295353420515
4.42726948404463,-2.901445301764336
4.427037366946714,-2.9020610842770815
4.426858852966424,-2.9025347773174572
4.426644590171776,-2.9031031916212364
4.426394591578971,-2.903766332093086
4.426171380964413,-2.9043584227104264
4.425992822868793,-2.9048320991233445
4.425760693994608,-2.9054478771973464
4.425546682838227,-2.906016386246795
4.425669574264495,-2.9056840294250903
4.425573974424082,-2.905945519178162
4.425838151675556,-2.905206699370986
4.425703134126268,-2.90558850004613
4.425483800303599,-2.9062089507894497
4.42530664651639,-2.9067100842426834
4.425078875557838,-2.907354398044971
4.424851108788176,-2.9079987133280714
4.424631782043262,-2.9086191665733745
4.424530551535293,-2.908905528627103
4.424226862834809,-2.9097646157863593
4.424007535244998,-2.9103850687330035
4.423805099166346,-2.9109578016553033
4.423619524218016,-2.9114828038144682
4.423400211787997,-2.9121032621198233
4.423172434317896,-2.9127475736199653
4.423088062617762,-2.912986204088744
4.422801489191673,-2.9137976502547325
4.422641541319497,-2.914251174689493
4.422397418093909,-2.9149433989238673
4.422178555277006,-2.915564015970051
4.421959698569429,-2.9161846351706737
4.421791345261857,-2.916662033852571
4.421572505177986,-2.9172826589148912
4.421370538860109,-2.917855557660465
4.42114331144883,-2.9185000633539415
4.421042322718189,-2.9187865107624527
4.4207477792796155,-2.919621984847557
4.42052056956375,-2.9202664967794876
4.420310199508372,-2.9208632703692166
4.42011664996951,-2.9214122988680704
4.419906275134891,-2.9220090707730355
4.419679077478813,-2.9226535869562755
4.419460288680927,-2.9232742301005747
4.419275112688225,-2.9237993731096448
4.419064627243361,-2.924396106010435
4.418828853022444,-2.925064436092482
4.418609934829898,-2.9256850336074742
4.418399428489588,-2.9262817591375856
4.418239448540598,-2.926735272258289
4.41802053401296,-2.927355871066079
4.417801625050984,-2.9279764718371295
4.4177174267431525,-2.9282151635407376
4.417422731876144,-2.9290505842248127
4.417203830827351,-2.9296711877870703
4.417010387169137,-2.930220253591553
4.416834114977593,-2.9307216978181825
4.416657928340693,-2.931223172115853
4.416431413125451,-2.93186792845949
4.416204891832529,-2.9325126826678343
4.415978360903563,-2.9331574334907216
4.415818953032368,-2.93361114801038
4.415600851492468,-2.93423203299664
4.415416459581384,-2.934757451831148
4.415198549471685,-2.9353784040311934
4.41496386707378,-2.9360471182854644
4.414796237773821,-2.936524771669655
4.414578327575863,-2.937145723838729
4.41435203375485,-2.9377905579196693
4.414142497223841,-2.9383876246829153
4.4139664777811545,-2.938889157690807
4.413832361837067,-2.939271276009723
4.413539010557874,-2.9401071694305445
4.413346438300952,-2.940656541464717
4.413212732929184,-2.9410388036301036
4.412995751533779,-2.9416600809632327
4.412787106080412,-2.942257459697693
4.412570121541635,-2.942878735933027
4.412403208615979,-2.9433566401210176
4.412169530789253,-2.944025706078202
4.41195258418067,-2.9446469955591796
4.411760873317331,-2.945196668788945
4.4115858513617034,-2.9456985507644315
4.411369150491222,-2.9463199259999677
4.41114413502694,-2.946965207276777
4.41092745061656,-2.947586588252447
4.410702420351692,-2.948231864367933
4.4105190603364655,-2.948757644201475
4.410310704071148,-2.949355123861637
4.410102347787312,-2.9499526035153414
4.409893990235672,-2.9505500827269198
4.409718958315772,-2.9510519612272206
4.409493859428385,-2.951697213407588
4.409277148328778,-2.952318585075238
4.409068918436104,-2.9529161087885725
4.4088857118027684,-2.95344194208732
4.4086692079849135,-2.95406338600875
4.408469362106439,-2.9546370278753282
4.408261171721075,-2.955234565356186
4.408077972359125,-2.9557604011883196
4.407853136075489,-2.9564057449191665
4.407644938545569,-2.9570032799107144
4.407411787195447,-2.95767252951261
4.407253627757918,-2.9581266807284945
4.407045545719872,-2.9587242559480673
4.406820816142562,-2.959369636845257
4.406604401172468,-2.9599911117131077
4.406504519048471,-2.960277946862392
4.40619656411727,-2.9611623604454795
4.405980151190231,-2.9617838360247704
4.405763738756145,-2.9624053117757247
4.405555647527194,-2.9630028837948266
4.405364200787174,-2.9635526490741064
4.4051477672188515,-2.9641741174652063
4.40493138969664,-2.9647956053719384
4.40470671939474,-2.9654410069064667
4.404540330777537,-2.965919093891593
4.404332408772665,-2.9665167248123825
4.4041161573169285,-2.9671382565963995
4.403908318439918,-2.967735916429306
4.403750569330729,-2.96819021033206
4.403543134058182,-2.968788010369925
4.40331083243548,-2.9694575553929754
4.403095120598887,-2.970079274665808
4.402879399452374,-2.970700990708376
4.402696877971714,-2.971227062222214
4.402481161299144,-2.971848779817128
4.402248837385102,-2.972518317105694
4.402033121323977,-2.9731400349127597
4.4018588940892975,-2.9736421933269637
4.401643190633393,-2.974263915507482
4.40143578555395,-2.9748617260214436
4.401344531382793,-2.975124764057462
4.401029270745645,-2.9760334343329666
4.400813607959474,-2.9766551706219664
4.400606377804626,-2.9772530417921934
4.400399451242382,-2.977851018107418
4.400233924926639,-2.9783294043284196
4.400035509355324,-2.978903542434511
4.400027216883151,-2.9789274564305663
4.399897312715121,-2.9793110270011858
4.3997271114526875,-2.9798145642213307
4.3995001837677385,-2.980485949660217
4.3992733206027115,-2.981157356902161
4.399062756860604,-2.9817808385467086
4.39885219086158,-2.9824043194290963
4.398682118012262,-2.9829079000365333
4.3984634578630795,-2.983555362486838
4.398260996609786,-2.984154865379667
4.398171882455908,-2.984418636112927
4.397888251749077,-2.9852578776789933
4.397677557237093,-2.9858813151443946
4.3974668626193445,-2.9865047525740565
4.397239943661118,-2.98717614096254
4.397069758415655,-2.9876796835967703
4.396859061971377,-2.988303120409093
4.3966402448658926,-2.988950529831121
4.3964214332785865,-2.989597941118207
4.396251240261077,-2.990101481125623
4.3960162012277415,-2.9907968423215023
4.395789260562797,-2.9914682233730665
4.395586648536278,-2.992067675326365
4.395416458288594,-2.992571216269882
4.395197694085968,-2.9932186435700614
4.394978926666183,-2.9938660697829156
4.3947926856746005,-2.9944176203330004
4.394582136993456,-2.9950411070633596
4.3944039530508725,-2.995568663516354
4.394185309079073,-2.996216131429121
4.394120573947008,-2.996407990066406
4.39384594078166,-2.9972235548186417
4.393668288952971,-2.9977512906960797
4.393458329644649,-2.998374976145235
4.393248365715245,-2.998998660038734
4.393030342501676,-2.9996463372451565
4.3928607668673205,-3.0001500855022316
4.39265082616924,-3.0007737772160947
4.392432814165327,-3.001421458195842
4.392230999178034,-3.0020211789541302
4.39202115951843,-3.0026449046694164
4.391843610279521,-3.0031726750705716
4.391633766030004,-3.0037963992416388
4.391423915287413,-3.0044201212281703
4.391214070184265,-3.005043845112023
4.391044602030175,-3.005547629537172
4.390818648860213,-3.0062193435736484
4.390737951946032,-3.006459241661299
4.390399028265323,-3.007466814759263
4.390229572700126,-3.007970603419005
4.390027799565402,-3.0085703382580498
4.389817824938454,-3.009194018549808
4.389624146599369,-3.009769772026648
4.3894628287419035,-3.010249593747253
4.3894541682188155,-3.0102733867980582
4.389391053314656,-3.0104657844942087
4.389865626514177,-3.0089434760825204
4.389947302539273,-3.008677307837944
4.390736400521994,-3.0062191687702127
4.394393863382651,-2.9962928124546635
4.398822837525703,-2.986714551055353
4.403986575346718,-2.977453361750377
4.4111559625200965,-2.965638970663466
4.421878254922495,-2.9482538629915838
4.432203156228945,-2.931963690838918
4.442804942077452,-2.9158221085812897
4.450855996799058,-2.904126529612357
4.460845667787917,-2.8905174971434153
4.47332437268117,-2.8739647901189125
4.4850290480474655,-2.858827491938335
4.495714093352218,-2.84517356491363
4.509132417442244,-2.828130714742782
4.524547427261801,-2.808730105750277
4.539315239050063,-2.7906938325993473
4.550912844489441,-2.7770331930520324
4.5663510847449755,-2.759432242506207
4.582203684550708,-2.741861069645569
4.598794713426797,-2.723867099829049
4.615893189435972,-2.7055151937880377
4.629493407770918,-2.69110005357164
4.6468658312920565,-2.672937179707288
4.653292419094415,-2.6664420568092897
4.678800940342537,-2.641957381723222
4.691501643598682,-2.6304178262876183
4.7068038560780305,-2.617430679002087
4.723030804941907,-2.6046134208101797
4.739965145326003,-2.592182691673216
4.752361339069892,-2.5838128392317103
4.766839984436959,-2.575184409366718
4.781372837604211,-2.5677502163046317
4.794023415889437,-2.5625177180108976
4.809221690897121,-2.5571374144942847
4.8314820562146314,-2.5497225557221435
4.854838113117366,-2.542237837644393
4.8789587720548795,-2.5346521056439664
4.898507328902252,-2.528392157306018
4.904556305533318,-2.5260707608149704
4.89615130960095,-2.5308971242247176
4.891429929086719,-2.5343821362735377
4.887890781975124,-2.537962565687858
4.881776015526808,-2.545382465923038
4.8799965780214,-2.5480282830644536
4.8798274551985905,-2.548452150142081
4.883047261911566,-2.5409375499930227
4.887239920431276,-2.5316117240337572
4.89162498032052,-2.522995238584669
4.889999654969559,-2.526229263384488
4.889581893306368,-2.5270674151096855
4.891639027242147,-2.5232308825041683
4.892953425911571,-2.5208629849025836
4.8963794275384345,-2.5150088771303
4.901042601506138,-2.5078675033529443
4.905736100041796,-2.501360905840257
4.910865666295645,-2.4948984782055774
4.916501111349264,-2.488428780269851
4.918834224342647,-2.4859323666633104
4.924567115959254,-2.480175865231466
4.930845874226492,-2.4740380094334764
4.931247120611733,-2.473548728720668
4.931596512004816,-2.472783074872577
4.937782374765535,-2.4607095769442577
4.943880264364381,-2.4481953854320193
4.95094878415985,-2.4330600435368432
4.952393277435946,-2.4292784128692584
4.952510352902691,-2.4287859236077045
4.952478643489218,-2.4290623579749164
4.952969545551688,-2.4389439764895138
4.951801735501945,-2.4302395164230073
4.949149662589305,-2.415698906603262
4.948825264655464,-2.4141891935409254
4.944260527677682,-2.3992017024429675
4.937842985688476,-2.3782167743678375
4.934566959670303,-2.367839064041879
4.935653918318343,-2.3702620398836913
4.936642889326147,-2.371790999802044
4.937448722457521,-2.3727337551367853
4.93829475197169,-2.373491707967279
4.938454339268122,-2.373568883992351
4.9364455220930505,-2.372802835887149
4.9338577633259755,-2.3722030036286603
4.933656407308266,-2.372181646471623
4.929499166588508,-2.3725400628312774
4.927966217384967,-2.3728703878437067
4.926330337771328,-2.3734794531735948
4.9255020980729505,-2.3739671297064757
4.924123318117202,-2.3750779937416944
4.926270057558719,-2.372930787465354
4.930719992384613,-2.3675813659413896
4.930913290269441,-2.3673750144312917
4.928131173018952,-2.3733083777910653
4.925200829457455,-2.381261372585233
4.923647503807654,-2.387652550320525
4.923282133730994,-2.3906422790860216
4.92339368488453,-2.3994121094118883
4.9246618667015305,-2.4104495933067347
4.927311172965945,-2.4268143622452687
4.930860026939117,-2.445849031215931
4.934156916578812,-2.464003567504598
4.9375699710426515,-2.4830373459096684
4.940448007492969,-2.498772641562362
4.944176897407294,-2.518546099396149
4.9479155984976435,-2.537776487969223
4.952103384743813,-2.558310986992394
4.955450927088676,-2.573512507533469
4.960075883025979,-2.5923666729165906
4.965510769703776,-2.6129733725709654
4.967516014586511,-2.620113156202176
4.974705420725017,-2.6430274091636385
4.980063729720276,-2.6567754133792527
4.982920805613903,-2.663426590558288
4.997677085382855,-2.6957261301938185
5.005174532902176,-2.712557768191283
5.014864222564893,-2.734840266472553
5.023235800280467,-2.7527463411154227
5.028561243704352,-2.761914173397267
5.036918763818023,-2.774714393209088
5.048623649648093,-2.791545886849822
5.062478336016274,-2.8108254604560154
5.076918954664823,-2.830618200998181
5.087919554001006,-2.8453369276927702
5.101331946283915,-2.862480056812562
5.1126080084705725,-2.8757153477777893
5.124314701097754,-2.8879122327662534
5.137364112069224,-2.9001922062763024
5.14998268262878,-2.9114451561056995
5.16716446480958,-2.9262854932956848
5.1826779529129094,-2.9388192755806113
5.1990909837003985,-2.95118786118855
5.212662358385828,-2.9608841439932143
5.229924991154904,-2.972587402807704
5.24843581001139,-2.9845599249468577
5.265310504177835,-2.9946582601893366
5.279291663829223,-3.0024293049741635
5.296561760266598,-3.0112386833691818
5.312660327193104,-3.0185736524343536
5.32954911736112,-3.025143301592042
5.337510901906755,-3.02805959775919
5.3669442752695655,-3.038122327207174
5.387556093515901,-3.0446311991294457
5.40796914944109,-3.050482796823922
5.424786942866695,-3.0548994641146896
5.445455795290446,-3.0597709460953126
5.465803644509397,-3.063985502921175
5.4864427227980626,-3.067620435469603
5.5069887960157295,-3.0705505751732884
5.522334568659447,-3.0722433737480412
5.534290635479749,-3.073236772827246
5.561868998400359,-3.074579841228076
5.584387933554533,-3.07516396606461
5.604175381926627,-3.075630266308009
5.629834516444586,-3.07618061432557
5.652739779613717,-3.0763312310182105
5.67602422599571,-3.076085512281781
5.695586317684613,-3.0757405311840995
5.71936841702739,-3.075059569123527
5.74252965452572,-3.0740225150182967
5.765694873353315,-3.072585719846377
5.783839318909527,-3.0711880801861695
5.80740701943899,-3.0690398809889365
5.83148170804474,-3.066610238545388
5.855438807300919,-3.0640289460944867
5.874611158624339,-3.0619314736705645
5.898341640775813,-3.0593732649057084
5.912410779263085,-3.0578751630936725
5.9449902032021775,-3.0545177250352182
5.968893748730676,-3.0521570212603146
5.987615645130733,-3.050382262710378
6.012444119044598,-3.0481233612412604
6.037072327596303,-3.0458980451262003
6.060833028396397,-3.0436379771110635
6.080250711705809,-3.041696380954999
6.103526142246369,-3.0391682418980372
6.1280413258053406,-3.036338902538233
6.153110700845582,-3.0334545905142156
6.172339841565464,-3.031184524577053
6.1979019752754185,-3.028155550072622
6.222307417521049,-3.0254841212429984
6.243018002885142,-3.023500344718215
6.242780459504398,-3.02361694874086
6.235886180119145,-3.0254560712868495
6.234580572587976,-3.025939079856279
6.236176691023837,-3.025011778117265
6.237488642377273,-3.024020548517033
6.233565876857575,-3.027717196772859
6.22750138325745,-3.034242817918913
6.2213105847129535,-3.04189730276975
6.216629147921877,-3.0483809907699535
6.211274463547639,-3.0568522663069952
6.2063212225709865,-3.0659125930577558
6.20206587598531,-3.075153441529147
6.1984231016013664,-3.0846525255185826
6.195941917555668,-3.0923614441484455
6.1934177633814125,-3.102139032396144
6.191543867834557,-3.1121642969350125
6.190324087369533,-3.1223154838866507
6.189806364522902,-3.130346567429699
6.189747264542132,-3.1403433230740276
6.189911538664066,-3.144288371392658
6.191623576116939,-3.1602626145757187
6.192992560398736,-3.1675241175463507
6.195358192591508,-3.1765316422025953
6.198547445989263,-3.1861129321068122
6.202363812307186,-3.1954343236182075
6.205850468854117,-3.2027716898043215
6.210793258829079,-3.21169279309317
6.216272987545941,-3.2202650722525705
6.221905481757935,-3.227839604816525
6.2219185438438815,-3.227895998160302
6.220787102134015,-3.2269225110733117
6.218937304251707,-3.2257771621628635
6.21923696958052,-3.225977400795843
6.2182507960014854,-3.2257522119236306
6.218075434465145,-3.2257241624674147
6.216034566036806,-3.2259124151011926
6.206155943245807,-3.227873429333532
6.186947530705286,-3.2327494457451738
6.170468705897424,-3.2374428993784923
6.157916052549164,-3.2418712522831195
6.1516275118025,-3.245019776552833
6.14307822094411,-3.2506706984891713
6.138315516348532,-3.254476631155548
6.134012840104574,-3.2589728548303367
6.128786198763532,-3.2659022894365712
6.126160787574632,-3.2703739176403377
6.1240848944090045,-3.2753195405419766
6.1204915923165695,-3.2867108819447437
6.117402148165606,-3.2996588150265462
6.11657279868193,-3.304575564142055
6.114850671126645,-3.322708183850117
6.115050691388317,-3.3348778782537534
6.116333339184518,-3.3470590215566682
6.118755175798711,-3.3591936699812064
6.122119804294535,-3.370468608891462
6.1256432087465935,-3.379605769689572
6.131331429575413,-3.391585152223553
6.1405769211750165,-3.4085682132550352
6.14917355525198,-3.422443782924247
6.155474820540756,-3.4311897877670448
6.163060982080997,-3.4399857475759426
6.170228950547927,-3.4466938511426326
6.1853619812210034,-3.459093984723588
6.2002207003464544,-3.4708671010114878
6.217913003601067,-3.484313851542019
6.235265784093988,-3.496815628963623
6.254084283110348,-3.5097860953218247
6.269840394547882,-3.5203736544685333
6.290139941057633,-3.5337277403457974
6.310735270016361,-3.5470453147049423
6.331519144101911,-3.5602091168001504
6.347952804430593,-3.5704485651704565
6.369037896891366,-3.5833682273857375
6.390104238970701,-3.5960751346371103
6.411034714001131,-3.6084168311910827
6.427705789536116,-3.6180643810337316
6.448194637290643,-3.6296009200410184
6.469079426847461,-3.6410503840683233
6.4900108175962865,-3.6522004558404224
6.510732545597089,-3.6628226537048607
6.527135755893881,-3.6709346580529543
6.547873376439329,-3.6807814517372153
6.568932983981073,-3.6903556979612118
6.590362625054766,-3.699721512623303
6.607751233878655,-3.7070804409459908
6.629797440586317,-3.7160930524840565
6.65157039743887,-3.7246304615382555
6.673957369957506,-3.7331234627918923
6.69161304686357,-3.739598892481051
6.713952731962727,-3.747485015637546
6.737023203214661,-3.7554277918266195
6.761179657877401,-3.7637151169220044
6.780590273835063,-3.770392263488836
6.8050138532387185,-3.7788367003197676
6.828854867488174,-3.7871838735605476
6.851796535431697,-3.795491124230491
6.86998378937271,-3.8022806143193315
6.892672242060979,-3.811047742460913
6.914837344495081,-3.819969266357019
6.923817055642444,-3.8236880900239965
6.9592857684834835,-3.8389130664706688
6.97721344915369,-3.8468738843830557
6.999660645929727,-3.8570657173942196
7.022420443930475,-3.8676080295571458
7.044884267524533,-3.87824522161033
7.062896672592841,-3.8868684093488244
7.0858524723894165,-3.897826677121712
7.108463551557212,-3.9084483969391814
7.131120924934239,-3.9189710007553757
7.149480769525298,-3.9274501191820175
7.172971694913289,-3.9383411759472136
7.196403028371623,-3.949240368873894
7.219792385882623,-3.960169694625885
7.23833516012539,-3.968855673129524
7.261615064787085,-3.9797800069937934
7.2840441996572425,-3.9901929974631973
7.305835398049765,-3.9999924925975585
7.323811613632869,-4.007968890734485
7.346857393253071,-4.018124276162952
7.369979017926668,-4.028232851402731
7.3930389896993995,-4.038229349984308
7.415542596495659,-4.047789357824649
7.4337974763607155,-4.05543920857521
7.457069271212441,-4.065131448746896
7.480569441858878,-4.0748677220472755
7.5036792338408835,-4.084355590747525
7.52208685806821,-4.091834336439741
7.545267268006941,-4.1011483556007615
7.568557170284446,-4.110392925788054
7.577938321459832,-4.114063414973803
7.609265079793655,-4.1259640790475665
7.632676243193323,-4.134609087109544
7.656343252877982,-4.143291690599092
7.678880539513032,-4.151452218503259
7.694029564690919,-4.157116386619299
7.713277881732635,-4.164673653303609
7.731172605957459,-4.17213381355166
7.748752154504793,-4.180127670653528
7.764295090311708,-4.187401245514027
7.7827501834700605,-4.195668809452322
7.8001392814738955,-4.2026945802108235
7.817291182962285,-4.209145343768851
7.8233585539451305,-4.211419413327879
7.846421007894767,-4.220411622715917
7.857074566844488,-4.224718123474006
7.888230559112487,-4.237127207228079
7.90852646544744,-4.244635515003717
7.925517426745953,-4.250564464985006
7.947771121622229,-4.257999762664754
7.970836179848929,-4.265479752405203
7.988936458550801,-4.271761472106405
8.000278170266629,-4.276252235293181
8.018737662739222,-4.284449696508511
8.039707414835107,-4.294218996485793
8.059550924656278,-4.303880664514837
8.070494993624683,-4.309551067345848
8.082650458463538,-4.3162314892466425
8.094007111499756,-4.322577985618577
8.106883400969533,-4.329785227071698
8.115872237189633,-4.334868690410549
8.126236823433535,-4.340910899041037
8.136902967456939,-4.347288731808623
8.147745069124838,-4.353913644377766
8.155699361487704,-4.358904099814968
8.16572266242392,-4.365404435895066
8.176477882689053,-4.372542553117061
8.186184624659202,-4.379198138727532
8.195608699564977,-4.385904829028316
8.203041291304153,-4.3913487658876935
8.213117876652918,-4.3988789600175995
8.222654532125368,-4.406158055714883
8.233018146993016,-4.414188742408853
8.241164661608662,-4.420576156585729
8.250661872690372,-4.428193151123965
8.260394581840277,-4.436202687902044
8.270292220951983,-4.444489063678728
8.277820325295764,-4.45091299355637
8.28664954094307,-4.458656908581008
8.295517696893308,-4.46666172761919
8.30453547454511,-4.475027890489446
8.312025738816976,-4.482100035409932
8.320851120878428,-4.4906324719132655
8.329106229417675,-4.4988786522431
8.338246302414925,-4.50817221383879
8.34878681335512,-4.518786200260412
8.35705430503196,-4.527020026130519
8.368012992672115,-4.5377516571684655
8.379141556883619,-4.548417127088046
8.389695791003323,-4.558474665251347
8.395507309457075,-4.564188207519687
8.40358140810634,-4.572506254152539
8.414655533324368,-4.5837314750161715
8.427357683040617,-4.596046484426668
8.436332783925346,-4.604569141045644
8.447598432615912,-4.615089570506783
8.45726915396074,-4.624091477775979
8.464402753011939,-4.6311679443678235
8.46994363395972,-4.6369355709977045
8.478320515463544,-4.645943417543076
8.489404087620212,-4.657582657331954
8.500292353112828,-4.668742159575829
8.509560548200279,-4.677979569065519
8.52180857058924,-4.689708050822062
8.534064087401628,-4.701022379058249
8.544917053062743,-4.710907789982805
8.555159573920198,-4.720260583794477
8.561678469056629,-4.7263701163577485
8.566958135535291,-4.731720812474834
8.573232191086602,-4.738570590369882
8.581257330585961,-4.7475904732558325
8.588084352006314,-4.755372298511406
8.596752252482538,-4.765377214823667
8.605816428728208,-4.7759094263481385
8.614651232315913,-4.786238222912936
8.621531052667455,-4.794342252426986
8.630220056588902,-4.804628896914175
8.638850935255846,-4.814898322727251
8.647427752427292,-4.825147018127854
8.65435962921781,-4.833471821067607
8.663144901196159,-4.844073928868812
8.672095834405901,-4.854900336843213
8.680795199422963,-4.865474897432024
8.68766664360541,-4.873882366415764
8.695800400459264,-4.883970840666382
8.702544016776638,-4.892641936849932
8.709192533448253,-4.901576203802432
8.714415855193977,-4.9088559647326155
8.720204935474676,-4.917376656163367
8.726304425283393,-4.926785054283801
8.732304717155332,-4.9364361993289245
8.73749931779655,-4.945273138766107
8.740694973923933,-4.951083334966098
8.743910444309257,-4.957540247557113
8.746841870103575,-4.964213839918004
8.749373724307391,-4.970805489293257
8.75114257691174,-4.976058291085241
8.75337037880327,-4.9836869918733475
8.755518545703179,-4.992202698995846
8.757397007606091,-5.000937320157476
8.758568391784447,-5.007386955688374
8.759649673877913,-5.015030195833326
8.760547884186636,-5.023817623736877
8.761063914452025,-5.0321284124040115
8.761209542328645,-5.038124815155744
8.761046041438798,-5.044829644377337
8.760556176910075,-5.051544120915449
8.75973280989206,-5.058149244593803
8.758862491306934,-5.063366696643642
8.757387880101694,-5.07032411665067
8.755049829966154,-5.07996643164468
8.751978980710895,-5.091930185783446
8.748377079829885,-5.105900407954107
8.74547055826293,-5.117305341028342
8.742123276181278,-5.1303479320511745
8.738891329966668,-5.142426440921612
8.735545171044636,-5.154421268825969
8.732786843970166,-5.163978241277653
8.729250390995874,-5.175759875067415
8.725556920380281,-5.187466673096336
8.721618784225008,-5.199466995279292
8.718427284810184,-5.208888151506303
8.714505561732448,-5.21995805732325
8.710612449233993,-5.230365026191932
8.706601821269846,-5.240455333712559
8.703290753105817,-5.248370926455819
8.698978965191419,-5.258087507958131
8.694361480358317,-5.2679149988401806
8.688694981970212,-5.2796257865871015
8.684052641679546,-5.289104557026188
8.678116745944758,-5.301077970494325
8.672044423394789,-5.313237942735169
8.665916775977246,-5.325398471326357
8.6599259368223,-5.337117517697386
8.655018347737222,-5.3466044249769515
8.6488277467063,-5.358390999642109
8.642488548760717,-5.370299422634472
8.636112634847914,-5.382159503631685
8.630888468060125,-5.3918513275225735
8.624446809289184,-5.403790997161592
8.618069127388324,-5.415563841666686
8.611758936289478,-5.427085221158347
8.606515620944469,-5.436593634800063
8.599804275386449,-5.4487031488853335
8.592925992060666,-5.4610963344933605
8.586026859281565,-5.473564775955169
8.580450078866125,-5.483698608698757
8.573569641701198,-5.4962640176380475
8.566875181365036,-5.508498410022678
8.560124307014869,-5.520817338956126
8.554655674554292,-5.53077956108061
8.547866088503012,-5.54313498894919
8.540897813621436,-5.555883143693806
8.533947308488095,-5.568756165058109
8.528463252669907,-5.579026622800531
8.52163535283052,-5.591993700686947
8.51514863589075,-5.604396651067885
8.5085997364082,-5.616938455518136
8.502089655361566,-5.629414869169908
8.496962811589778,-5.63932968671389
8.496445421335656,-5.6402073593012405
8.496839539604109,-5.638952051957872
8.496883303309454,-5.638371961026489
8.496776443578026,-5.636503554729641
8.496342371841871,-5.634397567401119
8.49566124831464,-5.6327083922107795
8.49017548268414,-5.622327360366014
8.485809611517809,-5.615268153074896
8.486677128776856,-5.616420290023595
8.486708998675407,-5.61646057992194
8.487120178430224,-5.616709373652776
8.490541564284728,-5.618291789726194
8.499486802950415,-5.621685187576048
8.511349507125713,-5.6257931357755
8.520022726425879,-5.628586008137923
8.526056719930661,-5.630491351518004
8.531652540579392,-5.632271234436572
8.537766706061953,-5.634258163003886
8.541744949262393,-5.635609608331037
8.546824076798059,-5.637417108174509
8.550961580548098,-5.638925992272963
8.55696656770901,-5.6411500110678325
8.563230263661968,-5.643477138033607
8.569610773647435,-5.64585322321492
8.575022328972246,-5.6478576201999715
8.581933945119607,-5.650402972633606
8.587940990542622,-5.6526214249971325
8.594371284576216,-5.6550088683893085
8.599353686514679,-5.65686021660665
8.60568525300548,-5.659222671296959
8.611703978835203,-5.661482283714674
8.617472921096661,-5.663686781361751
8.621741807324634,-5.66534937949826
8.627410118251335,-5.667602964883624
8.633018845276224,-5.669869157404751
8.639586558180987,-5.672531975900751
8.644558895310066,-5.674548994681431
8.650460307153908,-5.676968889261221
8.653709758700883,-5.678317478592265
8.661687876444418,-5.681676039859921
8.665909169695455,-5.683520142469195
8.67013918125462,-5.68540721086138
8.675092807174169,-5.687659905126518
8.680118280191182,-5.689998688217864
8.688612794416445,-5.693819471775973
8.69513788475619,-5.696649158414028
8.704430045239967,-5.7004731270288636
8.713656185446977,-5.7040533128393776
8.718268201684094,-5.70588068871506
8.720719286577369,-5.7069077552475935
8.723653626521514,-5.70822000715406
8.726763658895672,-5.709695346851373
8.733221569238063,-5.712794185670165
8.738522260768129,-5.715320837916448
8.74487768791609,-5.718340611958316
8.750446079284961,-5.721011494760013
8.753049126199137,-5.72225639845641
8.757001429190224,-5.724141270229621
8.76829316304098,-5.72951097532559
8.774254987022479,-5.732356506079159
8.779032024747332,-5.734687066749426
8.7838990004832,-5.737121325302718
8.788897966569943,-5.739631183496271
8.794980608114281,-5.74269029072759
8.800460923021971,-5.745482188479394
8.805812582534136,-5.748247615428882
8.810803835643444,-5.7508283571955605
8.817880153836,-5.75444626407186
8.823601986967015,-5.757377381528563
8.828560805381976,-5.759965640782772
8.833653199575108,-5.762626195240433
8.839693624207722,-5.765767843536478
8.84589079795219,-5.76899208439846
8.851522856081756,-5.771931520223158
8.85659618329581,-5.774573899286206
8.862481403409525,-5.7776299779359634
8.868427180772478,-5.780734173853334
8.873824147364658,-5.783576911140034
8.879706323961976,-5.786693286147866
8.884581965854531,-5.78927658907292
8.889872427366512,-5.792104052318173
8.896301535614885,-5.7955395992269905
8.902854330816606,-5.799012116420151
8.90725459853694,-5.801357272621365
8.911628873057715,-5.803750549561739
8.916959381779405,-5.806716043256632
8.922434377423338,-5.8097861814904626
8.927560989110413,-5.812649585020706
8.934343208258682,-5.816389579203786
8.940693767297109,-5.819863974270701
8.946916714470223,-5.823255196272071
8.952195130984776,-5.826157975577347
8.956305422434706,-5.828453327703121
8.960920937906222,-5.8310893719004975
8.965266189385671,-5.833636568712007
8.970416899420476,-5.8367112563407
8.974291786137213,-5.8390589361952125
8.979244939577438,-5.842117599275963
8.983045883644586,-5.8445363366499725
8.986417777480595,-5.846779133312486
8.989361656217346,-5.848796510484832
8.993990447409024,-5.8520264054780995
9.000377956926988,-5.856451148175036
9.007510966684263,-5.8612653322498245
9.013662495068004,-5.865361845271774
9.018732672861198,-5.868707524305652
9.024937619317418,-5.872769069148208
9.029517536380274,-5.875800709019106
9.034215525336412,-5.87897451857591
9.038039162757542,-5.881588677678283
9.042927421122773,-5.884977432582232
9.047584669194306,-5.888254916583353
