0.0
0.003518187351704128
0.010730882417143109
0.0195634299137803
0.031304528883754124
0.040744596403477426
0.04474368484880918
0.05575262063004878
0.05965043518248844
0.06822969957192349
0.07326634612959594
0.07582272545224437
0.08607333571980921
0.1103445964869633
0.12370863888654939
0.1593967066543434
0.16982470943583827
0.20601893687846087
0.22191404791433217
0.24044129669822237
0.2638029525048617
0.28693672728167013
0.3196122370484503
0.3289012589436159
0.35208569726429423
0.38212758135826563
0.4041981743082973
0.41627137170337847
0.4256605927477027
0.43530368292715244
0.4618789921441244
0.47392687885284146
0.48972050142628104
0.5110573748024282
0.5442902946231599
0.5673989102602417
0.5764348252917797
0.5998472015593072
0.6364970748156845
0.662744254164924
0.6733494317509577
0.699520678662155
0.724426364982621
0.7587980267490274
0.7735288462122062
0.7936508355681379
0.8185818376943721
0.8537129252721322
0.869253686698923
0.8901855766421256
0.9148887280498526
0.9501209292066555
0.9650795448471005
0.9853533448418944
1.0108917912581814
1.046934134425619
1.0730041333408256
1.0834068254359572
1.109780559904564
1.136078358166604
1.1621483600399403
1.1825234123635366
1.2077580137232298
1.2318536089378576
1.264755943048279
1.278499645743307
1.3110472103183497
1.3201590574089763
1.3517197790685425
1.3650078894090398
1.3830286364914033
1.4062636137220734
1.4381279868337118
1.45240321394236
1.4863945697117116
1.4963669801386759
1.5307637808770513
1.553872101071319
1.5631358122801224
1.5878136125651945
1.6128205365161568
1.645926878796757
1.6602021059054042
1.6810580980551029
1.7071533949484448
1.7428411765106337
1.7577491707783532
1.7754160090282327
1.7983221582463746
1.829200903592216
1.8425902566781645
1.859700160817258
1.8810369946192342
1.9111562190352214
1.9244443293757187
1.9416554028331612
1.96134668552518
1.988757230884592
1.9965276115979873
2.006675368118564
2.010750388622982
2.021912116699425
2.0268476233016464
2.0318084173345574
2.0339598256754
2.041173368018013
2.0565619898304317
2.0620544087711714
2.071266882436322
2.087338404455598
2.106898295184286
2.1156557926658333
2.126539217190218
2.1292974290511375
2.135496065990218
2.1358251049129344
2.139646865219
2.145215007952537
2.1533137169078485
2.1591097261326846
2.1614383092780676
2.1670822243657852
2.167440133122573
2.169844559651519
2.1706553227889622
2.172148653284371
2.2014330116233256
2.22332652459364
2.2373739555250234
2.256685935130988
2.2794146894053626
2.3112299170460746
2.325505144154724
2.3444880285257312
2.3667354299576675
2.373594571507789
2.3781756952109894
2.3798968218836625
2.3854649506703125
2.3858445197227898
2.393943173120675
2.3973094944069344
2.405205664463047
2.411760569360033
2.413481689130898
2.4140132135445183
2.416696093554219
2.4179869282114606
2.471998119746249
2.474630431127985
2.4830577401936584
2.4925215705402257
2.499861220408236
2.5020885608081675
2.506897348388387
2.513452205620275
2.5205382720297917
2.523373068902431
2.5299274679165404
2.538481767633998
2.548274855014158
2.5527547168369953
2.553843076350597
2.5562981696218
2.5606512373041217
2.562473606722246
2.5642959586738714
2.564650307747732
2.565789283611482
2.5658399049842076
2.6201546664909463
2.62164741272969
2.6233424380869184
2.623650568799756
2.626712400021505
2.628079177085099
2.635240944216306
2.6355719621137914
2.6366097002546676
2.6368075100276656
2.6554350810877714
2.6742401193561642
2.6928417658334634
2.698460738206016
2.712125014359455
2.7300321029986487
2.7335504789502973
2.7369673829592567
2.7415484901677813
2.7439783160586146
2.7530384701211
2.7571134906255206
2.760378337918544
2.7700212249816287
2.8035324358219857
2.8186429155806083
2.853343322704082
2.8634169758764965
2.898218622575172
2.912822888606537
2.948156415467772
2.958002272462922
2.9919938564522583
3.01570981432127
3.0254038071982428
3.0490184736063264
3.083313775192795
3.097538380928716
3.117280707023047
3.143578509748504
3.169572578323421
3.2012844515273504
3.2055872682090363
3.2378815399248864
3.246385930542804
3.2784790045321968
3.2930073385044736
3.326922891733026
3.3369459235327166
3.3713172460157197
3.394450981402309
3.4168756071629027
3.42555717258536
3.456383872913633
3.4697985366859445
3.4869329724004006
3.506851144627642
3.5260103474607924
3.550504317944943
3.5560473582584073
3.569104243745475
3.581959994984116
3.60736651037919
3.6140485315789816
3.621885662443578
3.626821246284333
3.656788873990253
3.6810617661871077
3.69093293386862
3.716142306209712
3.7512228060665382
3.7665863926887893
3.8021224385951187
3.812322645199348
3.8479346774377112
3.873726228976229
3.8840023676395474
3.9092623483558704
3.94489964472607
3.970792467537685
3.9811951596328163
4.0070879668417465
4.032601108179585
4.058240807932188
4.083880501761983
4.1048630562511095
4.130300273186251
4.166570486291603
4.1929189009343055
4.203220350283986
4.229062548938386
4.263029304111595
4.28904868794568
4.2997297975908015
4.325318867758797
4.3604754026953225
4.386950374963467
4.397378377744962
4.423296505290429
4.457997341268015
4.48343455695556
4.493634763559789
4.518413815974316
4.543926952205004
4.578551486525479
4.592927956379578
4.611126339266987
4.636588867668197
4.670226163114937
4.684956982578116
4.705205506582346
4.731047661322154
4.766229275950742
4.791894286936597
4.802195736286278
4.827000060170883
4.861092798355562
4.875342714777847
4.893869756877653
4.9171046176948385
4.949779677314621
4.973723422875854
4.983214930261925
5.0073356441849945
5.029456766233511
5.061524031447802
5.084429828362621
5.106601344005478
5.115409462859749
5.145805450149374
5.160080677258024
5.178633076018169
5.201640157964121
5.232466638844448
5.2562079002094855
5.280176889527056
5.290073367894931
5.325963893095002
5.350692422189881
5.360310483007765
5.3840012569557345
5.4169302725877895
5.441329768735669
5.466083619414413
5.476182583273189
5.512629970084531
5.536168705555313
5.54998834030943
5.567401504299651
5.5852448790975355
5.610881076420551
5.631357397432967
5.6411526330553885
5.666994835274948
5.700454672610053
5.724120093268273
5.733965950263423
5.758137641730051
5.794458469551031
5.81984506179662
5.844877307480607
5.864898016207227
5.889879613381805
5.916152097980318
5.926504168702723
5.942272186134296
5.9446258245173285
5.956116870503846
5.959913473458274
5.97416296696426
5.980389395809521
6.00466110795773
6.011064711607532
6.02280879823041
6.032983519357759
6.042600840026016
6.048776647498551
6.065152637765563
6.0686961338563625
6.08033846649233
6.088058039612066
6.094334733865317
6.096789870442516
6.105293385102023
6.111165464338205
6.1198976510079595
6.140247410777686
6.145056441186628
6.162748588589579
6.167886657921239
6.179225842731682
6.191628065676674
6.211015965588822
6.2236713036168725
6.228961237066708
6.243109866193532
6.262219295931048
6.274975875729165
6.286821276940732
6.297755433651075
6.3123089833168375
6.326558851070556
6.332203134129472
6.3450862696229935
6.357286019879182
6.374851627332134
6.379559414995627
6.399073952415346
6.404313264492458
6.4160827206425886
6.426181606264157
6.435090959549842
6.446303578919502
6.461641801537476
6.473487201319358
6.47819498898285
6.50115107632747
6.513578491386085
6.528385217937492
6.5329158307964414
6.551645725548046
6.561086610758663
6.572400479350923
6.5768298494644215
6.587637479564545
6.604544997467904
6.617909026670319
6.623198960120155
6.636765463636774
6.649496738611719
6.666606761871453
6.679287411873348
6.684501413264097
6.6974098596897695
6.715582924947614
6.727732052904316
6.732313287135992
6.742842511548222
6.758611021442557
6.770026140604285
6.7752907633677575
6.7851111870424
6.798095223951197
6.807105687126576
6.809839241253764
6.822341472839938
6.827074292455499
6.8337055904401085
6.844108246978532
6.853473002391034
6.856307799263674
6.8652412707303885
6.871113125616137
6.8734417087615185
6.879870270918385
6.881085183863803
6.8842489915414244
6.884375549088341
6.905585572588023
6.905838679745967
6.9123177281461645
6.915481563941522
6.922619100251144
6.933020305078617
6.945800024714014
6.948128607859397
6.960984790082939
6.975791423795595
6.976576055072845
6.978600855504453
6.981334356646036
6.982754578027086
6.990853994691497
7.001206013114322
7.0040914313596865
7.01973186977693
7.043675602918337
7.069062174656074
7.079237070573941
7.109709323514863
7.131272408258148
7.139065110858974
7.14746825873144
7.178295264927932
7.202871817931762
7.221094725457232
7.222385570461735
7.229063330278999
7.25050056159917
7.257638175153494
7.2789237855600915
7.279683106150976
7.279838127313109
7.285683263801875
7.288619303419966
7.29340259292933
7.298692232639403
7.299932455505132
7.301375163571765
7.302514143565141
7.303880919647343
7.305298317374444
7.306690404047573
7.308158422821834
7.309170846743718
7.309322710263172
7.309449263694985
7.309904854356732
7.310664174302484
7.312689024562071
7.3131446169166034
7.314131730338925
7.353742921788506
7.355641218684668
7.356932062978202
7.358222906005397
7.358627876987201
7.359868099224483
7.395503828408867
7.3966428083453994
7.398085516418606
7.399528224814791
7.4009203115799975
7.401477146679981
7.402869233734452
7.404868774960391
7.405349678001286
7.406438035771675
7.407577015624348
7.409399381381322
7.410791468433053
7.412208865579365
7.413297223913392
7.414714621278704
7.4161067083994405
7.417448173661615
7.4180050087615985
7.419397095743386
7.421421947180637
7.422864655147313
7.4242567416850305
7.424838887471374
7.426762496259975
7.42820520460632
7.429597291226985
7.430786892398889
7.432204289788565
7.433621687464511
7.435039084911496
7.436431171509425
7.436988006609407
7.4383294659274615
7.439721552549686
7.488216815384818
7.489684834418562
7.491051610454863
7.492165279700234
7.493607987608675
7.495000074574964
7.496468093095471
7.4978601796943565
7.498467636167065
7.4998597228596235
7.501808642319568
7.503276660841883
7.503833495941865
7.505807725500893
7.507199812502408
7.508617209925313
7.555872209369242
7.563160377587126
7.594186935675042
7.597654499706751
7.605550625722831
7.614229761577906
7.624048869583623
7.6284023076380345
7.636472930341672
7.6378907444710995
7.642470255111419
7.644948862798012
7.646188048107383
7.646643640461916
7.6471269840188745
7.649505362609851
7.649885022905293
7.6666148327677375
7.689748787450815
7.715742853269039
7.726145545364172
7.751557405845029
7.786080680494056
7.810935686499037
7.834904590310164
7.844320165637146
7.878058576521576
7.901597223222209
7.910860934431014
7.933640155877671
7.9661629912269865
7.9886132425356635
8.011468436507979
8.035032414440334
8.04912951827217
8.060163215502026
8.071627800414316
8.076006549155087
8.086965169529996
8.099819526366234
8.109917544235438
8.120647634038388
8.129682741219622
8.131960705587458
8.132264484737213
8.1407426438891
8.150815170944313
8.158863933582497
8.173821521205978
8.175694511996829
8.179236613865228
8.185563500474995
8.208874375940438
8.228388854132772
8.246283299520654
8.253243738270436
8.277490564814185
8.2962710029348
8.303383305802761
8.321657569342918
8.34987898455045
8.370228759851674
8.377670101642352
8.396070754796659
8.419659037616004
8.429783312161145
8.44340018920424
8.461522611532605
8.494401112230253
8.519433284510445
8.52932976287832
8.55362785254161
8.578229786333297
8.613917659474488
8.629104071292202
8.663095389600809
8.672814693164142
8.707110094927991
8.721613118213906
8.736899794346654
8.757552715947812
8.785163648732786
8.804095291138703
8.811637875674833
8.838667036214837
8.859421132575141
8.879694583770187
8.900777875382591
8.92056971931811
8.935198093898087
8.946081689034111
8.96136888434264
8.983414219943477
9.015710067342575
9.038843914374956
9.062154993399854
9.08627603386437
9.096096580173157
9.128518995999352
9.150513454290062
9.171014598869183
9.179544300173463
9.209560510586076
9.228492120576178
9.235477870012325
9.267293106608156
9.291869674471984
9.317079096958619
9.343250336897409
9.369244378230826
9.38936613275311
9.411689746504086
9.420573797417449
9.456183141197668
9.475925414377574
9.501438547293176
9.51168937527013
9.55347726529594
9.574687608925492
9.597365307151687
9.61708179168189
9.637303925794932
9.651830948004992
9.670002646309559
9.688478679811476
9.696400924643047
9.717889335161663
9.747551418908118
9.77081184597168
9.793895020063088
9.817180645566578
9.836391363862584
9.859828852121147
9.868181378620887
9.89864962585517
9.915202303466879
9.93656420498015
9.94509390628443
9.980653771894106
10.000320062383516
10.023453396926676
10.046536567781105
10.071518181633229
10.09082975227526
10.112823963518167
10.13443883963033
10.15623064083347
10.173846359078285
10.195967303465626
10.217707821964254
10.221226007368687
10.237018522335594
10.262807847034138
10.285966696549107
10.305834299904022
10.32537309101404
10.340078474409113
10.348228233748294
10.366679697533433
10.37650024384222
10.399905343720533
10.404535269607916
10.404664189377177
10.40797924592936
10.414533959171319
10.476411773703227
10.485269566002462
10.492077412821706
10.500910296263106
10.50989470059373
10.51887906612744
10.52624368265706
10.531761412284162
10.588041080856582
10.595152657637241
10.604111792721193
10.613071215114902
10.616640021892064
10.629393577030076
10.638605711944349
10.647691658821834
10.651336397658085
10.660447340555365
10.67309973229426
10.682185673436296
10.69132189963125
10.700331606725332
10.707468129880226
10.712175108137481
10.71425011216778
10.785969765407513
10.798975763166169
10.81316139519885
10.819233606509007
10.822774235527232
10.82386239184195
10.884870687717882
10.899019361394716
10.933618697469932
10.953538172196273
10.969256108427603
11.003729178456322
11.029951037128647
11.051009527584839
11.07692766946074
11.102845812039524
11.129042372424983
11.155466728521331
11.176297415896451
11.201203119612307
11.227197160505682
11.252355891987602
11.272123420203599
11.296598771403994
11.321301871684266
11.346612474816235
11.366177524051482
11.381186761064653
11.415684726540128
11.425277476671647
11.45957288647987
11.483921599066047
11.508422271297725
11.534188549965245
11.555247018359154
11.581418249793936
11.60698201611962
11.631685093126539
11.641404396689873
11.674940268326012
11.699440976729916
11.70931214441143
11.749657177615607
11.77074095235979
11.796962821626575
11.82252656272941
11.847381556655343
11.857328656395945
11.89213051915347
11.917365250032875
11.92761607800983
11.962418206598661
11.985703701155394
12.007521347029133
12.01648133000158
12.045840302757348
12.07008790583668
12.09580352980721
12.12043071362794
12.144222467704136
12.163660972858958
12.189553795424098
12.20013366232377
12.239035146297244
12.256550136026254
12.27641901997487
12.297350943797564
12.318890301480359
12.335924389406001
12.35437576188652
12.372725855561319
12.397403688884937
12.406591468034652
12.44162133082367
12.46202137224195
12.478700961950082
12.485155186972609
12.508491129897228
12.524436814467904
12.540382483906578
12.552430340056397
12.56759138447768
12.583081488885275
12.598520968343465
12.613454248817261
12.625249012074477
12.640536641376706
12.654989040303587
12.669137713087032
12.680502206398144
12.69419528360738
12.706799968964
12.7197590239688
12.729326403551147
12.742310784913187
12.75648476572536
12.7707346760138
12.782099171360633
12.796247841480147
12.809966226926438
12.823051841462028
12.833302630559215
12.84545169055058
12.85777798711252
12.870812978045196
12.883442980658115
12.89369380828815
12.9082474479456
12.9227251584609
12.936797899474815
12.94750430860131
12.9602861968622
12.97311869266654
12.98587526650574
12.996277944819242
13.009034499072934
13.021613887655716
13.03421857400251
13.044115021181454
13.056390664078558
13.068565065479293
13.080182598859375
13.084890386522869
13.101873731909546
13.114022789765759
13.125058128603772
13.136118793945425
13.145382430074008
13.156746882704876
13.168161918572963
13.180007187778612
13.195724765355378
13.20906263624669
13.222426197816837
13.238218713999258
13.250038312071476
13.25699872068856
13.272716631780844
13.290585526781033
13.29908991739895
13.330272243111242
13.355051397060333
13.379374730069362
13.398484165317447
13.42328856156385
13.44902951283049
13.474795729200254
13.49458840261266
13.514226516194027
13.529461400108087
13.53804166498747
13.547506660101826
13.548948495756818
13.549986092805089
13.551201005750507
13.557603715049359
13.562387230210994
13.568385709166604
13.574358792596742
13.580306575468818
13.58503948174755
13.59101257339003
13.596935124808892
13.602933520592165
13.607742348836554
13.613791355594362
13.619739218955672
13.625003512097743
13.62717996934985
13.628723774243712
13.631735550216735
13.633076841158989
13.633785909298192
13.650415016534971
13.669575041172509
13.67509277079961
13.700225493921927
13.714930906479681
13.73269889298709
13.751175526399424
13.766741173554621
13.780509835757554
13.794809203596179
13.806476480671968
13.817282683717842
13.82502656029524
13.834592571787256
13.844386835081728
13.854307074456827
13.864100817626678
13.87202179832215
13.881841376576627
13.891660381689215
13.901656518171968
13.909628098526309
13.919396555391026
13.92519270256812
13.932835345593622
13.946498319711472
13.957937967428235
13.972238004114887
13.986639155575562
14.000938841613635
14.006330017808923
14.025386394503958
14.038977391775163
14.054441948244845
14.06904618872934
14.088560724000754
14.096482968832325
14.12996893600238
14.147332013034559
14.169175120087978
14.188638845844125
14.201849791380823
