x,y
17.0,109.0
17.0,109.0
17.0,109.0
17.0,109.0
17.0,109.0
17.0,109.0
17.0,109.0
18.0,109.0
18.0,109.0
18.0,110.0
18.0,110.0
18.0,110.0
18.0,110.0
19.0,110.0
19.0,110.0
20.0,110.0
20.0,110.0
21.0,110.0
21.0,110.0
21.0,110.0
22.0,110.0
22.0,110.0
23.0,110.0
23.0,110.0
24.0,110.0
24.0,110.0
25.0,110.0
25.0,110.0
25.0,110.0
25.0,110.0
26.0,110.0
26.0,110.0
26.0,110.0
27.0,110.0
27.0,110.0
28.0,110.0
28.0,110.0
28.0,110.0
29.0,110.0
30.0,110.0
30.0,110.0
30.0,110.0
31.0,109.0
32.0,109.0
32.0,109.0
32.0,109.0
33.0,109.0
33.0,109.0
34.0,109.0
34.0,109.0
35.0,109.0
35.0,109.0
36.0,109.0
36.0,109.0
37.0,109.0
37.0,109.0
38.0,109.0
38.0,108.0
39.0,108.0
39.0,108.0
40.0,108.0
40.0,108.0
40.0,108.0
41.0,108.0
42.0,108.0
42.0,108.0
43.0,108.0
43.0,108.0
43.0,108.0
44.0,108.0
44.0,108.0
44.0,107.0
45.0,107.0
45.0,107.0
46.0,107.0
46.0,107.0
47.0,107.0
47.0,106.0
47.0,106.0
48.0,106.0
48.0,106.0
49.0,106.0
49.0,105.0
49.0,105.0
50.0,105.0
50.0,105.0
51.0,104.0
51.0,104.0
51.0,104.0
52.0,104.0
52.0,104.0
52.0,103.0
53.0,103.0
53.0,103.0
54.0,103.0
54.0,103.0
54.0,103.0
55.0,102.0
55.0,102.0
55.0,102.0
55.0,102.0
55.0,102.0
56.0,102.0
56.0,102.0
56.0,102.0
56.0,102.0
56.0,102.0
56.0,102.0
56.0,102.0
57.0,102.0
57.0,102.0
57.0,102.0
57.0,101.0
57.0,101.0
58.0,101.0
58.0,101.0
57.0,101.0
57.0,101.0
57.0,101.0
57.0,101.0
57.0,101.0
57.0,101.0
57.0,101.0
57.0,101.0
57.0,101.0
57.0,101.0
58.0,102.0
58.0,102.0
58.0,102.0
59.0,102.0
59.0,102.0
60.0,102.0
60.0,102.0
60.0,102.0
61.0,102.0
61.0,102.0
61.0,102.0
61.0,102.0
61.0,102.0
61.0,102.0
61.0,102.0
61.0,102.0
61.0,102.0
61.0,102.0
61.0,102.0
61.0,102.0
61.0,102.0
61.0,102.0
61.0,102.0
61.0,102.0
61.0,103.0
62.0,103.0
62.0,103.0
62.0,103.0
62.0,103.0
62.0,103.0
62.0,103.0
62.0,103.0
62.0,103.0
62.0,104.0
62.0,104.0
62.0,104.0
62.0,104.0
62.0,104.0
62.0,104.0
62.0,104.0
62.0,104.0
62.0,104.0
62.0,104.0
62.0,103.0
62.0,103.0
62.0,103.0
62.0,103.0
62.0,103.0
62.0,103.0
62.0,103.0
62.0,103.0
62.0,103.0
62.0,103.0
62.0,103.0
62.0,103.0
62.0,103.0
61.0,103.0
61.0,103.0
61.0,102.0
61.0,102.0
61.0,102.0
61.0,102.0
61.0,102.0
61.0,102.0
61.0,102.0
61.0,102.0
61.0,102.0
61.0,102.0
61.0,102.0
61.0,101.0
61.0,101.0
61.0,100.0
61.0,100.0
61.0,99.0
61.0,99.0
61.0,99.0
61.0,98.0
61.0,97.0
61.0,97.0
61.0,97.0
61.0,96.0
61.0,96.0
61.0,95.0
61.0,95.0
61.0,94.0
61.0,94.0
61.0,94.0
61.0,93.0
61.0,93.0
61.0,92.0
61.0,92.0
62.0,91.0
62.0,91.0
62.0,90.0
62.0,90.0
62.0,90.0
62.0,89.0
63.0,89.0
63.0,89.0
63.0,88.0
63.0,88.0
63.0,88.0
63.0,87.0
64.0,87.0
64.0,87.0
64.0,87.0
64.0,86.0
64.0,86.0
65.0,86.0
65.0,86.0
65.0,86.0
66.0,86.0
66.0,86.0
66.0,86.0
67.0,86.0
67.0,85.0
68.0,85.0
68.0,85.0
69.0,85.0
69.0,85.0
70.0,85.0
70.0,85.0
71.0,85.0
71.0,84.0
71.0,84.0
72.0,84.0
73.0,84.0
73.0,84.0
74.0,84.0
74.0,84.0
74.0,84.0
75.0,84.0
76.0,84.0
76.0,84.0
76.0,83.0
77.0,83.0
78.0,83.0
78.0,83.0
78.0,83.0
79.0,83.0
79.0,83.0
80.0,83.0
80.0,83.0
81.0,83.0
81.0,83.0
82.0,83.0
82.0,82.0
83.0,82.0
83.0,82.0
84.0,82.0
84.0,82.0
84.0,82.0
85.0,82.0
85.0,82.0
86.0,82.0
86.0,82.0
87.0,82.0
87.0,82.0
88.0,82.0
88.0,82.0
89.0,82.0
89.0,82.0
90.0,82.0
90.0,82.0
91.0,82.0
91.0,82.0
91.0,82.0
92.0,82.0
92.0,82.0
93.0,82.0
93.0,82.0
94.0,82.0
94.0,82.0
94.0,83.0
95.0,83.0
95.0,83.0
96.0,83.0
96.0,83.0
97.0,83.0
97.0,83.0
97.0,84.0
98.0,84.0
98.0,84.0
98.0,84.0
99.0,84.0
99.0,85.0
100.0,85.0
100.0,85.0
101.0,85.0
101.0,86.0
102.0,86.0
102.0,86.0
102.0,86.0
102.0,86.0
103.0,86.0
103.0,86.0
104.0,86.0
104.0,87.0
105.0,87.0
105.0,87.0
105.0,87.0
106.0,87.0
107.0,87.0
107.0,87.0
108.0,88.0
108.0,88.0
108.0,88.0
109.0,88.0
109.0,88.0
109.0,88.0
109.0,88.0
110.0,88.0
110.0,88.0
110.0,88.0
110.0,88.0
111.0,88.0
111.0,88.0
111.0,88.0
111.0,88.0
111.0,89.0
111.0,89.0
112.0,89.0
112.0,89.0
112.0,89.0
112.0,89.0
112.0,89.0
112.0,89.0
113.0,89.0
113.0,89.0
113.0,89.0
113.0,89.0
113.0,89.0
114.0,89.0
114.0,89.0
114.0,89.0
114.0,89.0
115.0,89.0
115.0,89.0
115.0,89.0
115.0,89.0
116.0,89.0
116.0,89.0
116.0,89.0
116.0,89.0
117.0,89.0
117.0,89.0
117.0,89.0
117.0,89.0
118.0,89.0
118.0,89.0
118.0,89.0
118.0,89.0
118.0,89.0
119.0,89.0
119.0,90.0
119.0,90.0
119.0,90.0
120.0,90.0
120.0,90.0
120.0,90.0
120.0,90.0
121.0,90.0
121.0,90.0
121.0,90.0
121.0,90.0
122.0,90.0
122.0,90.0
122.0,90.0
122.0,90.0
122.0,90.0
123.0,90.0
123.0,90.0
123.0,90.0
123.0,90.0
124.0,90.0
124.0,90.0
124.0,90.0
124.0,90.0
125.0,90.0
125.0,90.0
125.0,90.0
125.0,91.0
125.0,91.0
126.0,91.0
126.0,91.0
126.0,91.0
126.0,91.0
126.0,91.0
126.0,91.0
127.0,91.0
127.0,91.0
127.0,91.0
127.0,91.0
127.0,91.0
127.0,91.0
128.0,91.0
128.0,91.0
128.0,91.0
128.0,91.0
128.0,91.0
128.0,91.0
128.0,91.0
128.0,91.0
128.0,91.0
128.0,90.0
128.0,90.0
129.0,90.0
129.0,90.0
129.0,90.0
129.0,90.0
129.0,90.0
130.0,90.0
130.0,90.0
130.0,90.0
130.0,90.0
130.0,90.0
130.0,90.0
130.0,90.0
130.0,90.0
130.0,90.0
131.0,90.0
131.0,90.0
132.0,90.0
132.0,90.0
133.0,90.0
133.0,90.0
133.0,90.0
133.0,90.0
134.0,90.0
134.0,89.0
134.0,89.0
135.0,90.0
135.0,90.0
135.0,90.0
135.0,90.0
135.0,90.0
135.0,90.0
135.0,90.0
135.0,90.0
135.0,90.0
135.0,90.0
135.0,90.0
135.0,90.0
135.0,90.0
135.0,90.0
135.0,90.0
135.0,90.0
135.0,90.0
135.0,89.0
135.0,89.0
135.0,89.0
135.0,89.0
135.0,89.0
135.0,89.0
135.0,89.0
135.0,89.0
135.0,89.0
135.0,89.0
135.0,89.0
135.0,89.0
135.0,89.0
135.0,90.0
135.0,89.0
135.0,89.0
135.0,89.0
135.0,89.0
135.0,89.0
135.0,89.0
135.0,89.0
135.0,89.0
135.0,89.0
135.0,89.0
135.0,89.0
135.0,89.0
135.0,89.0
135.0,89.0
135.0,89.0
135.0,89.0
135.0,89.0
135.0,89.0
135.0,89.0
135.0,89.0
135.0,89.0
135.0,89.0
135.0,89.0
135.0,89.0
135.0,89.0
135.0,89.0
135.0,89.0
135.0,89.0
135.0,89.0
135.0,89.0
135.0,89.0
135.0,89.0
135.0,89.0
135.0,89.0
135.0,88.0
135.0,88.0
135.0,88.0
135.0,88.0
135.0,88.0
135.0,88.0
135.0,88.0
135.0,88.0
135.0,88.0
135.0,88.0
135.0,88.0
135.0,87.0
135.0,87.0
135.0,87.0
135.0,87.0
135.0,87.0
135.0,86.0
135.0,86.0
135.0,87.0
135.0,87.0
135.0,87.0
135.0,87.0
135.0,87.0
134.0,87.0
134.0,87.0
134.0,88.0
134.0,88.0
134.0,88.0
134.0,88.0
134.0,88.0
134.0,88.0
134.0,88.0
134.0,88.0
134.0,88.0
134.0,87.0
134.0,87.0
133.0,87.0
133.0,86.0
133.0,86.0
132.0,85.0
132.0,85.0
132.0,85.0
132.0,85.0
131.0,84.0
131.0,84.0
131.0,83.0
131.0,83.0
130.0,83.0
130.0,82.0
130.0,82.0
130.0,81.0
129.0,81.0
129.0,81.0
129.0,81.0
129.0,81.0
129.0,80.0
129.0,80.0
129.0,80.0
129.0,80.0
128.0,80.0
128.0,80.0
128.0,80.0
128.0,80.0
128.0,80.0
128.0,80.0
128.0,79.0
128.0,79.0
128.0,79.0
127.0,79.0
127.0,79.0
127.0,79.0
127.0,79.0
126.0,78.0
126.0,78.0
126.0,78.0
126.0,78.0
126.0,77.0
125.0,77.0
125.0,77.0
125.0,77.0
125.0,76.0
124.0,76.0
124.0,76.0
124.0,76.0
124.0,75.0
123.0,75.0
123.0,74.0
123.0,74.0
123.0,74.0
123.0,73.0
122.0,73.0
122.0,72.0
122.0,72.0
122.0,72.0
121.0,71.0
121.0,71.0
121.0,70.0
121.0,70.0
121.0,70.0
121.0,69.0
120.0,69.0
120.0,69.0
120.0,68.0
120.0,68.0
120.0,67.0
120.0,67.0
120.0,67.0
120.0,66.0
120.0,66.0
120.0,66.0
120.0,65.0
120.0,65.0
120.0,64.0
120.0,64.0
120.0,63.0
120.0,63.0
121.0,62.0
121.0,62.0
121.0,62.0
121.0,61.0
121.0,61.0
121.0,61.0
121.0,60.0
121.0,60.0
121.0,59.0
122.0,59.0
122.0,58.0
122.0,58.0
122.0,57.0
122.0,57.0
123.0,57.0
123.0,56.0
123.0,56.0
123.0,56.0
123.0,55.0
124.0,54.0
124.0,54.0
124.0,54.0
124.0,53.0
124.0,53.0
125.0,53.0
125.0,53.0
125.0,52.0
125.0,52.0
126.0,52.0
126.0,51.0
126.0,51.0
127.0,51.0
127.0,51.0
127.0,50.0
128.0,50.0
128.0,50.0
128.0,50.0
129.0,49.0
129.0,49.0
129.0,49.0
130.0,49.0
130.0,49.0
131.0,48.0
131.0,48.0
131.0,48.0
132.0,48.0
132.0,48.0
133.0,48.0
133.0,48.0
133.0,47.0
134.0,47.0
134.0,47.0
134.0,47.0
135.0,47.0
135.0,47.0
136.0,47.0
136.0,47.0
136.0,47.0
136.0,47.0
137.0,47.0
137.0,47.0
138.0,47.0
138.0,47.0
138.0,47.0
138.0,47.0
137.0,46.0
136.0,46.0
136.0,46.0
136.0,46.0
136.0,46.0
136.0,46.0
136.0,46.0
136.0,46.0
136.0,45.0
136.0,44.0
136.0,44.0
136.0,44.0
136.0,44.0
136.0,44.0
136.0,44.0
136.0,43.0
136.0,43.0
136.0,43.0
136.0,43.0
136.0,43.0
136.0,43.0
136.0,42.0
136.0,42.0
136.0,42.0
137.0,42.0
136.0,41.0
135.0,41.0
135.0,41.0
135.0,41.0
135.0,41.0
135.0,41.0
135.0,40.0
136.0,40.0
136.0,40.0
137.0,40.0
137.0,39.0
137.0,39.0
138.0,39.0
138.0,39.0
139.0,39.0
139.0,39.0
140.0,39.0
140.0,38.0
141.0,38.0
141.0,38.0
142.0,38.0
142.0,38.0
143.0,38.0
143.0,37.0
144.0,37.0
144.0,37.0
145.0,37.0
145.0,37.0
145.0,37.0
146.0,37.0
146.0,37.0
147.0,37.0
147.0,37.0
148.0,36.0
148.0,36.0
149.0,36.0
149.0,36.0
150.0,36.0
150.0,36.0
150.0,36.0
151.0,36.0
151.0,36.0
152.0,36.0
152.0,36.0
153.0,35.0
153.0,35.0
154.0,35.0
154.0,35.0
155.0,35.0
155.0,35.0
156.0,35.0
156.0,35.0
157.0,35.0
157.0,34.0
157.0,34.0
158.0,34.0
158.0,34.0
159.0,34.0
159.0,34.0
160.0,34.0
160.0,34.0
160.0,33.0
161.0,33.0
161.0,33.0
162.0,33.0
162.0,33.0
163.0,33.0
163.0,32.0
163.0,32.0
164.0,32.0
164.0,32.0
164.0,32.0
165.0,32.0
165.0,32.0
166.0,31.0
166.0,31.0
166.0,31.0
166.0,31.0
167.0,31.0
167.0,31.0
167.0,31.0
168.0,30.0
168.0,30.0
168.0,30.0
168.0,30.0
169.0,30.0
169.0,30.0
169.0,30.0
169.0,29.0
170.0,29.0
170.0,29.0
170.0,29.0
170.0,29.0
170.0,29.0
171.0,29.0
171.0,28.0
171.0,28.0
171.0,28.0
172.0,28.0
172.0,28.0
172.0,28.0
172.0,28.0
172.0,28.0
173.0,27.0
173.0,27.0
173.0,27.0
173.0,27.0
174.0,27.0
174.0,27.0
174.0,27.0
174.0,27.0
174.0,26.0
175.0,26.0
175.0,26.0
175.0,26.0
175.0,26.0
176.0,26.0
176.0,26.0
176.0,26.0
176.0,26.0
176.0,26.0
177.0,25.0
177.0,25.0
177.0,25.0
177.0,25.0
177.0,25.0
178.0,25.0
178.0,25.0
178.0,25.0
178.0,25.0
179.0,25.0
179.0,25.0
179.0,25.0
179.0,25.0
180.0,25.0
180.0,24.0
180.0,24.0
180.0,24.0
181.0,24.0
181.0,24.0
181.0,24.0
182.0,24.0
182.0,24.0
183.0,24.0
183.0,24.0
184.0,24.0
184.0,24.0
185.0,24.0
185.0,24.0
185.0,23.0
186.0,23.0
186.0,23.0
186.0,23.0
186.0,23.0
186.0,23.0
186.0,23.0
186.0,23.0
186.0,23.0
186.0,23.0
186.0,23.0
185.0,23.0
185.0,23.0
185.0,23.0
185.0,23.0
185.0,23.0
185.0,23.0
185.0,23.0
185.0,23.0
185.0,23.0
185.0,23.0
185.0,23.0
185.0,23.0
184.0,23.0
184.0,23.0
185.0,23.0
185.0,23.0
185.0,23.0
185.0,24.0
186.0,24.0
186.0,24.0
186.0,24.0
186.0,25.0
187.0,25.0
187.0,25.0
187.0,25.0
187.0,25.0
187.0,25.0
188.0,25.0
188.0,25.0
188.0,25.0
188.0,25.0
188.0,25.0
189.0,25.0
189.0,25.0
189.0,25.0
189.0,25.0
189.0,25.0
189.0,25.0
190.0,25.0
190.0,25.0
190.0,25.0
190.0,25.0
190.0,25.0
191.0,24.0
191.0,24.0
191.0,24.0
191.0,24.0
191.0,24.0
192.0,23.0
192.0,23.0
192.0,23.0
192.0,23.0
193.0,22.0
193.0,22.0
193.0,22.0
193.0,21.0
