x,y
-1.517428048719658e-10,2.5924546005602153e-08
0.003162023055291898,0.00010710616620207236
0.010355273646914472,0.0006363660580598566
0.019112617725719212,0.0017865051652010094
0.03062188030026011,0.00410820282273364
0.03971167718191663,0.006655842402258644
0.04350312450239639,0.00792770544897899
0.053755485964547225,0.011938410060996923
0.05734470491712258,0.013458431638371493
0.06539956316073546,0.016411910288900395
0.07020641760347493,0.017915891310466038
0.0726712812774816,0.018593772059438005
0.08263268722770546,0.021011498750433125
0.10644253585203606,0.025721616340648446
0.11959911426468342,0.028067266299571497
0.15474304846876272,0.034275492266625567
0.16501344618187483,0.03608164088325878
0.20068319059552717,0.04222097583364328
0.2163567385907619,0.04486567772303465
0.23465269882141576,0.04778403115236658
0.2577734796562681,0.05113014167274816
0.2807212894979541,0.054057522565956015
0.3132132677015273,0.05751588792222941
0.322463588093536,0.05836294188394236
0.34557265624631406,0.06023086836954003
0.37556505095611487,0.06195454452448483
0.3976299698088172,0.062454973530086035
0.4097031388892197,0.06242882593731154
0.419085292152494,0.06206458430925116
0.42868935493340243,0.06119788579802032
0.4550708737893794,0.057994368538911135
0.46699737957587273,0.05628848640030337
0.4826003431629409,0.05384184762580392
0.5036183764283829,0.050167008428980184
0.536340550889795,0.0443630220120345
0.5590705420903794,0.04019701472882741
0.5679458765105319,0.038501078589808134
0.5909169376412149,0.033976731894128774
0.6268713446645232,0.026870831155249946
0.6526212230227909,0.021785736433854903
0.6630259454255298,0.019733531923272384
0.6886990919869612,0.01465182841734899
0.7131515069194704,0.009921858537756423
0.7469729542191242,0.003796433234891334
0.7614912518166105,0.001303227080640707
0.7813309174853909,-0.0020556599063305024
0.805929916016846,-0.006110797175000689
0.8406532577519099,-0.011447730109394427
0.8560275056356653,-0.013716599372545274
0.8767484130817279,-0.016681057367871954
0.9012368298505148,-0.019931154848145387
0.9362226963352832,-0.02409013845756022
0.9510947945405087,-0.02569664922711442
0.9712656291450475,-0.027737334794575685
0.9966936975399281,-0.030109165956956247
1.032603351728903,-0.033199026314246295
1.0585895835019652,-0.0352872316862265
1.0689608055028064,-0.036095784118280766
1.095255303685242,-0.03813863388134842
1.121470491514327,-0.0402214494076839
1.1474526657168422,-0.042359584432863716
1.1677512875849465,-0.04412273713328729
1.1928666048571692,-0.04657343990967893
1.216807295210378,-0.04930126947894663
1.2493853499751173,-0.053909299172800774
1.2629380241563768,-0.056192802250517086
1.2948875318136905,-0.062403512372702655
1.3037908695320986,-0.06434163901328491
1.3344340145205016,-0.07189655905867988
1.3472433727534974,-0.0754312751830687
1.3645253666590664,-0.08053813449720511
1.3866428253956224,-0.08765727671705875
1.4166501621653387,-0.09837632582537702
1.4299652044398803,-0.10352334032221441
1.461458791341894,-0.11631264253476488
1.4706384438066757,-0.12020917308766065
1.5021345759702645,-0.13403427922719027
1.523088381500111,-0.14377761007542547
1.531420050585618,-0.14782725643155553
1.5535003900833528,-0.15884780245136187
1.5757510879304635,-0.17026063254760862
1.6051211356898827,-0.1855390550384839
1.6177562257876008,-0.19218259379625477
1.636189026104581,-0.20193986190893007
1.6591925941514696,-0.21426059147595772
1.6904719329784046,-0.2314425795850304
1.7034817735490626,-0.2387221634613533
1.7189348331740637,-0.2472848804351627
1.7390306254539503,-0.25827809673647495
1.7663158855177608,-0.27273532667113226
1.7782116318980812,-0.27888073097966126
1.7934847421245836,-0.28659311865521786
1.8126490532935131,-0.2959733987210579
1.8399455264984472,-0.3087040793781519
1.8520669148415487,-0.31414887699210936
1.8678422073013181,-0.3210308241995661
1.8860619575322808,-0.3284999148790486
1.911659287564668,-0.33830372496051325
1.919017047448832,-0.34080216165534755
1.9287647254086446,-0.3436234622052168
1.9327098456897527,-0.3446441571052801
1.943506581358655,-0.3474751768064319
1.948238783323158,-0.34887713614525834
1.9529530815856668,-0.35042143835955253
1.9549861978080731,-0.35112499807644537
1.9617826914932264,-0.3535422003262261
1.9763457764649628,-0.3585147487062456
1.9815501200722387,-0.36027016131814116
1.990184374208863,-0.3634825321770668
2.0050137808792226,-0.36967789478317503
2.0224613028305782,-0.37851946156034677
2.0300372446396775,-0.3829125092318893
2.0393711743338985,-0.38850953396305876
2.041823616773472,-0.38977177750148434
2.047652039027935,-0.39188189454236433
2.0473345882022906,-0.3917953405940998
2.0436204333643597,-0.3908948375808392
2.0381688252755477,-0.3897616197081234
2.0301782436117497,-0.3884426460855619
2.02442503946032,-0.3877395351936292
2.0221070964289045,-0.3875171850911443
2.0164765015195454,-0.3871296564030906
2.0168304657969447,-0.3870766661350168
2.0144327662509345,-0.38725639877023255
2.015230076678896,-0.38710931734210097
2.0166959675996323,-0.38682436159637756
2.045283735272233,-0.3804750952748477
2.0667360041448024,-0.3761017589739995
2.0805365831561553,-0.3734798637199164
2.0995364363314244,-0.3700218099870484
2.121956165631752,-0.36628657117742
2.153441800349013,-0.36171891135191425
2.1675891798282945,-0.3598126682213792
2.1864222926653434,-0.3574328026978638
2.208543549446782,-0.3550670324462582
2.215385689130575,-0.35458438624865163
2.2108238826279907,-0.35500464309512186
2.2091149923725877,-0.3552095116343758
2.20360587758492,-0.3560180364892931
2.2039272735213893,-0.35581610254559026
2.211744900292727,-0.3537011797282889
2.2149452612036447,-0.3526572405336065
2.222335351862538,-0.3498758628878378
2.228333254936644,-0.34723163579430677
2.229882059054642,-0.3464809966867895
2.2303558372462318,-0.3462400559732348
2.2327219535563496,-0.3449754063168298
2.2330428856438,-0.3463089591830988
2.236801960036528,-0.34063268078654957
2.238155942066239,-0.3383752938295488
2.2421423723587255,-0.3309504765515595
2.2460135283005216,-0.3223146073710482
2.2485267295259073,-0.3154186462498045
2.2492056386528323,-0.31329729581799376
2.2505311187490107,-0.30867479211260784
2.2519906020567855,-0.3022844821197543
2.253188608822344,-0.2953004204827298
2.253533202487618,-0.2924866457023008
2.254034422349855,-0.28595143911904314
2.2541627751364794,-0.27739810238895557
2.2535800453106614,-0.2676223678188301
2.2530617942350903,-0.26317258380447794
2.2529088731310027,-0.26209502101430177
2.2525168057117964,-0.25967143563121686
2.251638558029317,-0.255407883209223
2.251215243657644,-0.25363536092760003
2.250764981291842,-0.2518695097341143
2.250857261246236,-0.25221163204581426
2.2511613172277136,-0.2533092731430461
2.2825809504293173,-0.2859117579578197
2.2876068939411818,-0.2890927531140926
2.2889160622853986,-0.28980994874973404
2.290514174026038,-0.29037488222022295
2.2902209650476983,-0.2902801561350346
2.2871610098458337,-0.29017298994139484
2.2857961527561375,-0.290245410009553
2.278683274328163,-0.2910807954957148
2.2783682391933127,-0.29097917998378064
2.2793125690871445,-0.2905488992607116
2.2792135841001406,-0.2907201612782208
2.265360193021201,-0.30317287018886546
2.2516797282134013,-0.316075364014412
2.2387401964179503,-0.3294391123127351
2.2350793520108754,-0.333701865970959
2.226830912941417,-0.3445957034819039
2.217658705018943,-0.359975379205366
2.21623422347403,-0.36319249307735485
2.2174234004499493,-0.3599891992840248
2.218887899866791,-0.3556484868178428
2.2196176726000316,-0.35333084024910505
2.2219959555296667,-0.3445884056944415
2.222901464908325,-0.3406152652644278
2.2235507153467453,-0.33741562439161493
2.2223617675079934,-0.3469849333503713
2.21896424863817,-0.3803234713734467
2.217570092371544,-0.395369498318789
2.2148002237054083,-0.4299591800476972
2.2140981205472774,-0.44000833620099866
2.2120440972422535,-0.4747493149034164
2.211403141783933,-0.4893395089533714
2.210152408194419,-0.5246508921879841
2.2098961740874783,-0.5344934144283138
2.209466787799827,-0.5684822862766125
2.2096588382390068,-0.5921974665262661
2.209868838486843,-0.6018891845264301
2.2107012787107516,-0.6254891742052135
2.2125181003237047,-0.6597363181756751
2.213531034038131,-0.6739248125860264
2.215032811528322,-0.6936099365120997
2.2170806531449303,-0.7198278840461907
2.2191623458140994,-0.7457384640610925
2.2220363726476675,-0.7773198331235953
2.222702301218248,-0.7815708060163667
2.229059286311729,-0.8132332242148939
2.230940714853524,-0.8215268896545077
2.2387386176396875,-0.8526581939995905
2.242503423369397,-0.8666902546404073
2.251821515175526,-0.8993006504658386
2.254687352283059,-0.9089052402088051
2.264924345913261,-0.9417166981259079
2.272327277413268,-0.9636339588612951
2.2801045614309126,-0.9846667355161156
2.2832701899373604,-0.9927505696524382
2.295330736923195,-1.0211200719309703
2.300920495817287,-1.0333146526794046
2.3084140770579706,-1.0487235827993737
2.3178787688946407,-1.0662493693241186
2.3277710645214937,-1.0826572192878632
2.3418704821745315,-1.1026862235547668
2.345398784761201,-1.1069613114805987
2.3543482186503972,-1.1164686713499474
2.363956224426754,-1.1250101328707471
2.3844605759193223,-1.1400122192052986
2.3901371081748635,-1.1435373275534582
2.3973183055382146,-1.1466759617496343
2.401973624643303,-1.14831547139551
2.430410671099979,-1.1577702637856946
2.453526078148882,-1.1651764269329417
2.462949377145953,-1.168116050617758
2.487061497272549,-1.1754725522885532
2.5207397286937305,-1.185291829173648
2.5355156085626644,-1.1895005306358863
2.5697619745009987,-1.1989872043772167
2.579611365565115,-1.2016393187101737
2.6140636828998565,-1.210653455962983
2.6390620132717775,-1.2170007080755367
2.6490395982904262,-1.2194597369536473
2.6736082528433376,-1.2253289651182964
2.7083591870612547,-1.2332276652366339
2.733649360718109,-1.2387815278168428
2.7438178395850343,-1.2409765313154746
2.769146872747657,-1.2463503143596235
2.794138689076182,-1.2514815420417456
2.8192897362925673,-1.2564634119038371
2.8444706361174843,-1.2612920953365214
2.865090547107005,-1.2651762765466894
2.8901086325693983,-1.269774907343113
2.925803566422763,-1.2762091948647856
2.9517389212348206,-1.280856379491684
2.961885595918757,-1.282635382460314
2.9873550083359017,-1.287008969365691
3.02080043591392,-1.2929371926341104
3.0463923249425253,-1.297634378073608
3.0568990396275217,-1.2995566293004734
3.0820657383554417,-1.3041867251094916
3.1166133261929883,-1.3107017940538814
3.1426323129177085,-1.3155942869172228
3.152873466035855,-1.3175594904236185
3.1783096158035944,-1.3225345904684611
3.2123705296459715,-1.3291680032978843
3.237380154413574,-1.333812420475353
3.2474234579215757,-1.335594629614346
3.2718639687844884,-1.3396766471696433
3.2970685145523855,-1.3436327807568211
3.3313452139623236,-1.3485283148921823
3.3456027453469814,-1.3503737645071336
3.363655542553266,-1.3526710787532725
3.388918839295211,-1.3558501022371219
3.4223506660485574,-1.3595623259514946
3.437013954842053,-1.360971227585862
3.457179221879908,-1.362805547525752
3.4829282321300714,-1.364997677251185
3.5180231761246734,-1.367465654943603
3.543640118177661,-1.3690357086872469
3.5539259780086145,-1.3696022298625123
3.5787033775291253,-1.3707576329840983
3.6127828195951994,-1.3717096967394002
3.627032261660847,-1.3718259673713715
3.645558843976612,-1.3716954427946426
3.6687829400499976,-1.3709882520366699
3.7014054378585106,-1.3691356436350093
3.7252727680084585,-1.3672242297566324
3.734722388548595,-1.3663335086402002
3.7587028951933856,-1.363736560196791
3.780625877255119,-1.360782427801944
3.8122470939253676,-1.3554524977257745
3.8347110325755747,-1.3509751109184214
3.856305857361165,-1.34595120323803
3.8648465130585588,-1.3437971006384417
3.894057167657858,-1.3353915250370039
3.9076719479078403,-1.3310996876975627
3.9252793300402917,-1.3252540402400712
3.9469450800932306,-1.3175131685636179
3.975563719063636,-1.3060569289123722
3.9973606169856977,-1.2966472141357042
4.019177663052451,-1.2867210391509984
4.0281445093626145,-1.2825334442164658
4.060631835295052,-1.2672788235100532
4.083018286730355,-1.256774208175304
4.091708019134698,-1.252651630748811
4.113062255307532,-1.242392519299535
4.14261278725727,-1.227863715770557
4.164419818922177,-1.2169189095942852
4.186518733039907,-1.2057658329675094
4.195543872297392,-1.2012341740655312
4.228166479065089,-1.1849806349722811
4.249301171244462,-1.174617389628927
4.261784233899026,-1.1686881863519725
4.27761389032185,-1.161432825734769
4.294100175793327,-1.1546072550237783
4.318279529932634,-1.1460882500002705
4.337845233254728,-1.1400497919425112
4.34720906213374,-1.1371748398345027
4.371914137668394,-1.1295933717455617
4.404059393771932,-1.1203066487212814
4.426933958893145,-1.114239820435768
4.436470730298322,-1.1117921907386223
4.459920320453447,-1.1059281145185744
4.49516575190929,-1.0971553102295915
4.519831335129987,-1.0911479755271873
4.544192741540065,-1.0853916571111806
4.563700889870527,-1.0808904432045976
4.588093466678653,-1.0754976337278375
4.613779442521661,-1.0699772993202599
4.6239079122227675,-1.0678373297514463
4.639319893342251,-1.06450548166141
4.6415899128019165,-1.0638836896617645
4.652520689463346,-1.0603393618775165
4.656138479511355,-1.0591879326951117
4.669803647750402,-1.0551492148074983
4.675770210946934,-1.0533691755419534
4.698789569700572,-1.0456733888260386
4.704842898436525,-1.0435845252789802
4.715913692009927,-1.0396652013244205
4.725518079805556,-1.0363065282098554
4.734730328287979,-1.0335447652341125
4.74068216756092,-1.031896673244297
4.756483293328191,-1.027595803365751
4.759912050004941,-1.0267013805366885
4.77125299427477,-1.0240694815501834
4.778827307777946,-1.0225789836110541
4.785031426207236,-1.0216272455882045
4.787467046262406,-1.0213182948485209
4.7959397785645175,-1.0205954055753865
4.801802177243976,-1.020258365104396
4.8105217191606595,-1.0197886068701494
4.830837147621774,-1.01860704471482
4.835637328607586,-1.0183154354255641
4.8532935320209525,-1.0171882438918916
4.858420607047632,-1.0168523002541543
4.869738049036019,-1.0161504320294046
4.8821160931603576,-1.0153763792965838
4.9014476467284185,-1.0138993215290377
4.914061888359508,-1.0128802588829213
4.91933212885458,-1.012424231441001
4.933416898254736,-1.0110814816084375
4.952414035788106,-1.0090128901960818
4.9650854311906025,-1.0075411338645777
4.976857073150586,-1.0062212946967424
4.987715334479982,-1.0049352372062463
5.002143355752685,-1.0030278803890151
5.016243314553451,-1.0009663535725124
5.021821188607105,-1.0001030736117011
5.034545033656206,-0.9980834332202201
5.0465895419766476,-0.9961434008410568
5.063918376418803,-0.993269020548264
5.068562764964484,-0.9924990077423445
5.087816285487163,-0.9893179515987967
5.0929836967560185,-0.9884529360961158
5.104596726722193,-0.9865404421550583
5.114581461891412,-0.9850263237983655
5.123401338309338,-0.9837668175690656
5.134510313170908,-0.9822457946718364
5.14972690545173,-0.9803179999634383
5.1614858564259025,-0.9788895154589325
5.166159956431938,-0.9783273288190143
5.188915226881786,-0.9752975412145644
5.2011952188028605,-0.973389022559319
5.215790781451901,-0.970897295823478
5.220255998823886,-0.9701302973237385
5.238727632107008,-0.9670306648842338
5.248041132523806,-0.9654850182408019
5.2592084626320315,-0.9636699808370958
5.263584162846924,-0.9629825455806972
5.274270913652374,-0.9613706443419985
5.291000591870971,-0.958924825797101
5.304210813557271,-0.9569031137696715
5.309435231424748,-0.9560731415715362
5.322821187892481,-0.9538671979842266
5.3353725346742324,-0.9517343462660122
5.352240378298416,-0.9488657669279577
5.364736457882857,-0.9467101047350618
5.369871684283209,-0.9458071870644771
5.382578153669244,-0.9435326266967974
5.400452921136754,-0.9402534516712271
5.412402673887273,-0.9380614846756306
5.416912811024425,-0.9372575132274069
5.4272929917383586,-0.9354921761295155
5.442857679997382,-0.9329650465944167
5.454135355138351,-0.9311989806581527
5.459336312664405,-0.930382712531953
5.469051148849932,-0.9289465095386891
5.481937111583464,-0.9273536571038934
5.490904285002381,-0.9264714737273146
5.493630292254204,-0.9262684894193685
5.506120237615894,-0.925714359925191
5.510853053406021,-0.9257203774136011
5.51747950366523,-0.9259738925471162
5.527866991333749,-0.9265354644417044
5.537207972880984,-0.927202328498462
5.540031030846633,-0.927460043518819
5.54888840769835,-0.9286235673704284
5.5546627018019255,-0.9296894976705421
5.556938248609409,-0.9301836496632582
5.563222948763098,-0.9315360384324055
5.564415853258018,-0.9317662390643411
5.567533412405818,-0.9323052232764909
5.579108012807592,-0.9342941706692005
5.584701783018594,-0.9350455660736949
5.584450415041066,-0.9350159455862537
5.590846224829725,-0.936051167938891
5.593950736619557,-0.9366609740447777
5.600925369397185,-0.938177193747992
5.610956580049849,-0.9409267163801822
5.622949711383502,-0.9453410152795647
5.625131193800085,-0.9461555298166358
5.637466282770819,-0.9497786502188562
5.651706711001757,-0.9538340917115006
5.652468759260073,-0.9540209839083278
5.6544493324525815,-0.9544418717995314
5.651753348031043,-0.9539905443243485
5.65035612074389,-0.9537360159777443
5.658437722581732,-0.9542729163766293
5.668763451416777,-0.9550102151299383
5.671638773523776,-0.9552513815282706
5.68716446937286,-0.9571424347494502
5.710841633123756,-0.9607053371421841
5.735893718115107,-0.9648127769994951
5.745917331970834,-0.9665608251140231
5.775725173997246,-0.9728893915412619
5.796795636684856,-0.9774722100818674
5.804552225643629,-0.9782215708424903
5.81294087477833,-0.9787149873616795
5.8436580331739165,-0.9813150818097827
5.868095277394905,-0.9839281360445492
5.886226231820556,-0.9857564823730047
5.887515735673674,-0.9858153095643793
5.894170683922756,-0.985263820689513
5.915497039711988,-0.983086336952351
5.922618987167844,-0.9826136936546059
5.943888879516749,-0.9817958367921631
5.943131935864466,-0.9818558706743598
5.9429921305611995,-0.9819228485653942
5.937504010095846,-0.9839343540538453
5.9348242589705915,-0.9851340467418708
5.939012123831022,-0.9828228465252807
5.94352676566008,-0.9800663455879145
5.942483126302852,-0.9807363975625579
5.941273141059767,-0.9815221088817114
5.940320528063849,-0.9821464516604146
5.939180920651294,-0.9829010189563723
5.93800289622903,-0.9836892288125274
5.9368500611036055,-0.984469534188065
5.935638358022217,-0.9852983012024529
5.9348059160333975,-0.9858745325213273
5.934929540913463,-0.9857863315147019
5.934827105095661,-0.9858606462126761
5.934460393728404,-0.9861309897426453
5.933853747400283,-0.986587659221144
5.932243386091695,-0.987815158724018
5.93188311836158,-0.9880940342448978
5.914083355759366,-1.009323971931003
5.913759569608241,-1.009745493852869
5.912611764922703,-1.0112574712038347
5.911838140002027,-1.0122908072925585
5.911070938900542,-1.0133289200950701
5.910831813625387,-1.013655754302101
5.922905055409826,-0.985266765807117
5.922577722042205,-0.9865415661669437
5.922299120946006,-0.9876459468644475
5.92195309796222,-0.9890465448364533
5.921613755133295,-0.9904487766150406
5.92129343650788,-0.9918035096293559
5.921167133414647,-0.9923458313578652
5.920855932597898,-0.9937026881737752
5.920420571211368,-0.9956542582025854
5.920318589109025,-0.9961242235050742
5.9200933887494305,-0.9971890274468415
5.919865479768643,-0.9983049721593034
5.919513346010881,-1.0000929930676918
5.9192526288391365,-1.0014604479722338
5.918994808540545,-1.0028541995153752
5.918802067789981,-1.0039253553706633
5.918558435831792,-1.005321657186226
5.91832567229336,-1.0066941467806845
5.918108225407166,-1.0080178710349408
5.918019990741488,-1.008567670973415
5.9178041803459225,-1.009942928054119
5.917503232091794,-1.0119452900322028
5.917298077093096,-1.013373336846429
5.9171073478003375,-1.0147522956077333
5.917029497456161,-1.0153292124479014
5.916781827667607,-1.0172368105312044
5.9166046155503365,-1.0186685937683266
5.916440933767673,-1.0200510240318337
5.9163065429047945,-1.0212330096680282
5.916153290923191,-1.0226420977385176
5.916006959802258,-1.0240519216192991
5.915867943078721,-1.025462485291488
5.915738619924575,-1.026848551890874
5.915688698962421,-1.0274031447380234
5.915579120378329,-1.0287401210414422
5.917557353670224,-1.0722287183359223
5.917779090178397,-1.073628664046689
5.918016124470855,-1.0750774202814075
5.918243968848546,-1.0764250714502788
5.9184343205909915,-1.0775223523633684
5.918688184494665,-1.0789425492608054
5.918940128938441,-1.080311647547622
5.91921397142268,-1.0817538987984026
5.919480890901837,-1.0831201561279138
5.91959923435729,-1.0837159733757227
5.919876024811092,-1.0850802652815421
5.920275330059273,-1.0869878402814108
5.920585711618658,-1.0884226718636723
5.9207052018545365,-1.0889665352767655
5.921138961802354,-1.090892524544495
5.9214532066695735,-1.0922486795441961
5.936365192091661,-1.1375850149492255
5.936715920859999,-1.138398501624555
5.920678537589178,-1.1134714819735598
5.9148132913976,-1.1072100993588332
5.91230880890522,-1.1048118567190321
5.906364348519611,-1.0996145307925818
5.899437260170515,-1.094385492047777
5.891112761783365,-1.0891780350263256
5.8872781324344725,-1.0871169574804271
5.879920381616407,-1.0838005658081848
5.878625679393352,-1.0832226877421365
5.874063225171827,-1.082827809050263
5.87159105394151,-1.083006318075324
5.87038502107796,-1.0832910371702198
5.869954650564729,-1.0834405216672431
5.86950725693332,-1.0836234422309556
5.871364704661915,-1.082137988543507
5.871094682607361,-1.082404878089929
5.860063282365519,-1.0949824274035995
5.844891030789371,-1.112446179617506
5.82793087713694,-1.1321450284632673
5.821172596849269,-1.1400533563762607
5.804774503577499,-1.1594663723745244
5.782947827972739,-1.186214320418005
5.767537154094494,-1.2057151525573273
5.753028871968044,-1.2247944109193916
5.747440475333514,-1.2323721996333399
5.727878169443602,-1.2598603162890165
5.714685043263492,-1.2793541437760176
5.709641819320916,-1.2871247446295657
5.697589993622127,-1.3064546806626165
5.681152149363371,-1.3345176829126182
5.670415767185937,-1.3542342719067322
5.660022288784125,-1.3745895046055558
5.649733623801778,-1.3957886656473877
5.643500868989804,-1.4084330756335985
5.638018647493585,-1.4180084462283333
5.631626663326013,-1.427525759169107
5.62899253521153,-1.4310235884404274
5.621997462851406,-1.4394592462806906
5.613056085365998,-1.4486943022272885
5.605507922752278,-1.4554021488298579
5.596987096573716,-1.4619236784367893
5.5894997890848535,-1.466980692214071
5.587580994366628,-1.4682084334288414
5.587832670089062,-1.4680383125819016
5.580507761683797,-1.4723073756476346
5.571508720045353,-1.47683209120417
5.5641960287032095,-1.480194698130407
5.550693136000323,-1.4866290835842375
5.549063438658332,-1.487552220126749
5.546129465867202,-1.4895367324867568
5.541288185259035,-1.4936099985283784
5.524155338135647,-1.5094170369737028
5.509949554406085,-1.5227965200634206
5.497138176333424,-1.5352897089125177
5.492218024168088,-1.5402131030933046
5.475470087542377,-1.557746363378369
5.462779818419712,-1.5715905652548434
5.458043701326664,-1.57689660398129
5.446023849503292,-1.5906614821165752
5.4275601429067875,-1.6120048608330326
5.414267087317763,-1.6274129115831237
5.409452064925499,-1.633086457829316
5.397711034489989,-1.6472544584228204
5.383165814326058,-1.6658244249480507
5.3771433311730625,-1.6739626453762075
5.3692094271043285,-1.6850293750934682
5.358920253199447,-1.6999476555373638
5.340427909886675,-1.7271327442245086
5.326572778961316,-1.7479808855350984
5.321185642037382,-1.7562826347392477
5.308178136323351,-1.7768058400538351
5.2952853698411,-1.7977589238059895
5.276914082716015,-1.8283550035991494
5.269223275222287,-1.8414499867603298
5.252438528847033,-1.8710080991742746
5.24776123541548,-1.8795279458813086
5.2317171533828315,-1.9098390331906319
5.22521779993041,-1.9228042207763272
5.218839497249844,-1.9366966547640274
5.210869980658447,-1.9557500002960602
5.201490368816756,-1.981718952738458
5.195913656275274,-1.9998105906249293
5.1939406242745605,-2.0070905443479172
5.187868610275226,-2.033428846599375
5.184044164114813,-2.053827526147299
5.18094250224971,-2.07386230882724
5.178362698321139,-2.094787169565219
5.176666533062411,-2.1145061986940332
5.176011522088949,-2.1291199012870377
5.175939519394027,-2.1400032582460287
5.176240255879136,-2.1552874951575536
5.177182748183993,-2.1773126746121862
5.179276318926104,-2.2095405929559693
5.181204417520232,-2.232593950939763
5.1834594124139235,-2.2557957052556437
5.185984158081428,-2.279784249446679
5.187062713548204,-2.2895453891295285
5.1911200258439525,-2.321712939004232
5.194443263476895,-2.3434548866432263
5.198186411228109,-2.3636114184373285
5.199876474105874,-2.3719720100317923
5.206648171920016,-2.401214393591418
5.211761776009943,-2.4194423092711874
5.213884541653565,-2.426097725201608
5.224181766166913,-2.4562004899744716
5.232491065622964,-2.4793297621315253
5.241255345357636,-2.5029666481963617
5.250453004750248,-2.527468420818587
5.259716205608116,-2.551755933962386
5.267071731468541,-2.5704850888918456
5.275727480865145,-2.591062302825853
5.279352813993338,-2.599172994555961
5.2948291556623674,-2.6312433580244554
5.303813609750817,-2.6488228044048903
5.315621853471181,-2.671438845866863
5.32041468444368,-2.680500205890731
5.339953022157664,-2.7174390893630767
5.349821211118006,-2.7362140067670664
5.360687722840572,-2.7561187026909364
5.370731083310372,-2.7730854546695376
5.381708419813258,-2.7900687638696975
5.390115957087701,-2.8019156069627096
5.401357557190311,-2.816192758163324
5.413456340552133,-2.8301563986316145
5.418816074716032,-2.835990369223217
5.4336651864729415,-2.8515227762049897
5.4549698949033285,-2.8721612987024434
5.472111561070022,-2.8878842357120766
5.4893655771950485,-2.9032182454189863
5.507029428111928,-2.918390876234867
5.5217555240951945,-2.93072756114371
5.539925396683279,-2.945532005949344
5.546522547902059,-2.9506547293193326
5.5713927749073155,-2.968255465049305
5.585327359341964,-2.977189584633846
5.603616120502039,-2.988228246305101
5.6110029937600965,-2.992493209119665
5.642208465748735,-3.00954379738355
5.659656261179111,-3.0186177940902685
5.68038802877177,-3.0288815643317424
5.701333636481058,-3.038582816538719
5.724137682450543,-3.0487836262163
5.741870174528364,-3.056431860350541
5.7623186335191185,-3.0645316043650777
5.782667183702353,-3.0718212802690252
5.803423250646167,-3.078459675007292
5.820339122124248,-3.083375651148172
5.841750989293754,-3.0889315601560043
5.862957938596374,-3.0937185681845487
5.866434474740782,-3.0942583134731714
5.882161582335843,-3.0956941462187912
5.907948085955106,-3.09607559018656
5.9311040111247,-3.096443612464676
5.950937866037866,-3.0976011366984206
5.970369691848238,-3.0996428280845625
5.984967495289876,-3.1014183380043927
5.99308918360499,-3.102094175409926
6.011500315258604,-3.10331349778222
6.0213103151672005,-3.103768505030882
6.044714680911801,-3.1035831286384803
6.049307385501726,-3.1029972290973284
6.049436083219145,-3.1029896657357927
6.046327801342538,-3.104142134268862
5.99702750506722,-3.136555784088464
5.990700948385616,-3.143076748565571
5.984916544710076,-3.1497850388496005
5.980739783857827,-3.1551610454620795
5.975690166098719,-3.1624081959625343
5.9710004337962435,-3.170071480643874
5.966766215969825,-3.1779955088771508
5.963623169560737,-3.184655751808057
5.951089570258166,-3.231900089368403
5.950279799773918,-3.2446018953903466
5.950267081088417,-3.2517134607976432
5.950734032504004,-3.260660418818557
5.951687681385704,-3.2695689430195296
5.952217426618194,-3.2730982137375912
5.9547471888729415,-3.285598352600531
5.957218778979208,-3.294472735510084
5.96014451322583,-3.303074741658572
5.961464958372857,-3.306471879541874
5.965105793711967,-3.3148237415205584
5.970929851790533,-3.3260559881440943
5.9756548940584375,-3.333816677675512
5.9808673395499525,-3.341320079642842
5.986427099573939,-3.3484097827675727
5.991117223267224,-3.3537886955277907
5.994468278660931,-3.3570941564733445
5.944356801772368,-3.3955208092229685
5.941931711688392,-3.3999930642268175
5.936497249918574,-3.4118092650955623
5.932150191943863,-3.4253124218794833
5.931237135976387,-3.431315594290421
5.931272424082854,-3.4348560474526924
5.93959746878569,-3.4578324573593027
5.9567586089248,-3.464471192999024
5.9700334560680055,-3.4693664356016014
6.002634579831215,-3.4809543942752286
6.021479729080398,-3.4874077517850357
6.036369286062059,-3.492443088145398
6.069105062819388,-3.5032487106309045
6.093999741757875,-3.511485265297821
6.1139764220864175,-3.5181480172326234
6.138565728963911,-3.5263404567706256
6.163163414257884,-3.534507708016474
6.188024954454457,-3.542763832717762
6.213108695884705,-3.5510736167683317
6.232889611053262,-3.5576030066030935
6.256575791437786,-3.565300989220234
6.281336058100133,-3.573214228555419
6.305371098920288,-3.580649185351046
6.324320187351142,-3.5862783255527027
6.347867951307454,-3.592952576749695
6.371725555540717,-3.5993602193510092
6.396240551390276,-3.6056563776558903
6.415243169262779,-3.6103138088759197
6.429853044932867,-3.613753100753927
6.463534633187906,-3.6212136794556815
6.4729289436393005,-3.6231547580807195
6.506597244063339,-3.6296832096942855
6.530585432259617,-3.6338577314230824
6.554779656137586,-3.6377206928190584
6.580245751778457,-3.64164231100322
6.601050617869354,-3.644900629286803
6.626885197089648,-3.649084870116782
6.652094771675925,-3.6533255655707317
6.67640676361822,-3.6577038142397247
6.685949633864871,-3.659547313415705
6.718756755165639,-3.6665005485154363
6.742631234553585,-3.6720045421789194
6.75223472960297,-3.674287705386621
6.791393026469617,-3.6840010719888734
6.8118196912823565,-3.6892238032754165
6.837202713312195,-3.6958032120997055
6.861985651950859,-3.702073045558814
6.886145019635066,-3.7079121958529444
6.89583010036807,-3.710180235633164
6.929808796779565,-3.717704718443902
6.954506899014296,-3.7228811446781616
6.964548246665239,-3.724942894315252
6.998636912213296,-3.73195367426232
7.021379748914837,-3.736951437313797
7.042583181842726,-3.7420918753831054
7.051255069909094,-3.7443456837669156
7.0794745707317235,-3.752445625408402
7.1026366913847445,-3.759619356790864
7.127155644973895,-3.767372693562008
7.150556501997031,-3.775047201593327
7.173030066589305,-3.7828565841898634
7.191290383992309,-3.789521139013379
7.215543355975295,-3.79858930367787
7.225443867913738,-3.802319376997728
7.261677386633961,-3.816477681150757
7.277913488956178,-3.8230476009820666
7.296368221321848,-3.830409353672495
7.315838855059162,-3.838093093438157
7.335929349890019,-3.845859427633816
7.351838247265646,-3.8519477061877483
7.369006525025785,-3.858708134071064
7.385944820413297,-3.8657664686649547
7.4087108586055415,-3.8752902789621797
7.417224344993871,-3.878745106775493
7.449749122888742,-3.8917539541459085
7.468506781353312,-3.8997734266219513
7.483687946711606,-3.906682907875692
7.489536358237828,-3.9094129451027926
7.5105143316389755,-3.9196350223947074
7.524721555483918,-3.92687516376399
7.538832256149141,-3.9343016367211834
7.549447741348166,-3.9399992074136794
7.562740203218194,-3.9472908276299252
7.576239039728923,-3.9548885080269156
7.589614120781638,-3.962601142646366
7.602487161085555,-3.9701700064344654
7.612622233707897,-3.9762029777781414
7.6257018346485514,-3.9841172464692822
7.638028771966213,-3.9916616782641996
7.650078220691475,-3.9990775886567467
7.65974198199218,-4.005057841639795
7.6713814909642775,-4.012270482927603
7.6821466494417905,-4.018827117422023
7.693265337228894,-4.02548383496976
7.701522522520886,-4.030316395691201
7.712780126390601,-4.036786365897273
7.725064151125147,-4.0438577496646095
7.737387077893494,-4.051013545853053
7.74719804819066,-4.056749103046238
7.759394371482304,-4.063920892524222
7.7712173022878925,-4.070878794968153
7.782532598562503,-4.077451266192269
7.791429607258751,-4.082542622924407
7.802043722939662,-4.088453647115356
7.8128781372231675,-4.09433183170469
7.824367536337583,-4.100488510728693
7.835545259755042,-4.106368601306661
7.844642378976658,-4.1110932059428595
7.857544301151965,-4.117827360044247
7.870356379249887,-4.124569374326162
7.88280635991264,-4.1311298637242055
7.892293532667135,-4.1360917937428825
7.903655305312819,-4.141947286024633
7.915102526958312,-4.1477467743785645
7.926520610095677,-4.1534351444072435
7.935853784663305,-4.158029441805582
7.947339720164928,-4.1635794834342486
7.958715726975249,-4.168948606842049
7.970167669102836,-4.174214643245974
7.979194297539753,-4.178271692152193
7.990440435677003,-4.183192645874299
8.001643253739408,-4.187958452933643
8.012399444034253,-4.192348379149242
8.016774623349662,-4.194086501884425
8.032628755475994,-4.200175879113995
8.044030016551257,-4.204372407761254
8.054461116265761,-4.207973916058598
8.064981406753356,-4.2113888546900595
8.073831218568003,-4.214126697849947
8.084734671815148,-4.217330678325319
8.095735776228942,-4.220376781663444
8.107202438013912,-4.223347651916992
8.122438335537906,-4.22720895629764
8.135192892395564,-4.23111024829877
8.14796777965726,-4.2350328792131
8.163264005646626,-4.238960860609982
8.174827253094929,-4.2414091675838135
8.181649959581033,-4.242786833842831
8.197044460795768,-4.245958909102728
8.214624400638227,-4.249159397137905
8.223006351738738,-4.250597296832171
8.253703182801454,-4.256078355081684
8.27804415373716,-4.260717708952627
8.301993198753271,-4.264968329082022
8.32085501830129,-4.268034642640474
8.34538596866954,-4.271707590663392
8.37085726849033,-4.275423698513142
8.39632372018733,-4.27934259427315
8.415847045645366,-4.282596773719616
8.43507551107849,-4.286586964457141
8.449704238090439,-4.29084161296022
8.45782025201707,-4.293625722035507
8.466824578451865,-4.296542610441059
8.468234534162425,-4.296844131502121
8.469266909589132,-4.296948095981201
8.470481759309871,-4.296960490373588
8.464087373103819,-4.297286851237455
8.459322876416207,-4.297712983394584
8.453369528117388,-4.298447417744166
8.44747354610802,-4.299404037735908
8.441640937475402,-4.300568854301757
8.437030150992552,-4.301637053652453
8.431260329222953,-4.30318203925644
8.42559571490719,-4.304910842299799
8.419929035986103,-4.306877947273631
8.415437496012625,-4.308595765002815
8.409866079902303,-4.310951567473659
8.40447188430989,-4.313457506913393
8.399792012002523,-4.315868228272738
8.397902710592483,-4.316948740351462
8.39662093863527,-4.317809201971765
8.394199611553782,-4.319600282560722
8.393179899775305,-4.3204716316759475
8.393671098319716,-4.31996025938886
8.405302173001742,-4.3080755924085254
8.418739723886796,-4.294417672716177
8.422717867523644,-4.29059409932962
8.441406850919757,-4.273790061982516
8.452512108209703,-4.2641504344472905
8.466104210730878,-4.252706829526581
8.480428905187484,-4.241036820487226
8.492762742143913,-4.231541251136611
8.503858794921936,-4.223389338992469
8.51568671499999,-4.215353654378731
8.525690197811311,-4.209349015671296
8.535316473056831,-4.204438939382057
8.542411768136834,-4.201336615708798
8.551411655019615,-4.198094608311752
8.560830949689096,-4.1954104918070305
8.57054874245951,-4.1934165878648715
8.580258703242654,-4.192138281615654
8.588159983592025,-4.191579977022541
8.597979435298656,-4.1915301244704
8.607774283313928,-4.192218465780176
8.617668819118176,-4.1936400514442465
8.625475413121775,-4.195253489825058
8.634884711928947,-4.197877960338364
8.640371366053783,-4.1997466359691105
8.647486819051823,-4.202535958655346
8.659769405938833,-4.208520515540202
8.669615001588012,-4.214345443539459
8.681619398322113,-4.222116254841371
8.693364888100495,-4.230449119490409
8.704686663653307,-4.239184016119403
8.708859856088711,-4.2425971152486
8.723036385358714,-4.255331773100299
8.732596573009019,-4.264991898302223
8.743087421167923,-4.276353879278744
8.752867378041715,-4.2871999054485315
8.765870619346778,-4.301750946731601
8.771137851655363,-4.30766856677506
8.79345776252978,-4.3326311703226095
8.805136893549479,-4.3454792963591204
8.819974313995038,-4.361509651323026
8.83312154987328,-4.375861891882339
8.84161943704569,-4.385976979404384
