0.0
0.0
0.0
0.0
0.0
0.0
0.0
0.0
0.0
0.0
0.0
0.0
0.0
0.0
0.0
0.0
0.0
0.0
0.0
0.0
0.0
0.0
0.0
0.0
0.0
0.0
0.0
0.0
0.0
0.0
0.0
0.0
0.0
0.0
0.0
0.0
0.0
0.0
0.0
0.0
0.0
0.0
0.0
0.0
0.0
0.0
0.0
3.3793412114800963e-10
3.3793412114800963e-10
3.3793412114800963e-10
3.3793412114800963e-10
3.3793412114800963e-10
3.3793412114800963e-10
3.3793412114800963e-10
3.7112407947529135e-10
3.7112407947529135e-10
3.7112407947529135e-10
3.7112407947529135e-10
3.7112407947529135e-10
3.7112407947529135e-10
3.7112407947529135e-10
3.7112407947529135e-10
3.7112407947529135e-10
3.7112407947529135e-10
3.7112407947529135e-10
3.7112407947529135e-10
3.7112407947529135e-10
3.7112407947529135e-10
3.7112407947529135e-10
3.7112407947529135e-10
3.7112407947529135e-10
3.7112407947529135e-10
3.7112407947529135e-10
3.7112407947529135e-10
3.7112407947529135e-10
3.7112407947529135e-10
3.7112407947529135e-10
3.7112407947529135e-10
3.7112407947529135e-10
3.7112407947529135e-10
3.7112407947529135e-10
3.7112407947529135e-10
3.7112407947529135e-10
3.7112407947529135e-10
3.7112407947529135e-10
3.7112407947529135e-10
7.497913312966712e-10
7.497913312966712e-10
7.497913312966712e-10
7.497913312966712e-10
7.497913312966712e-10
7.497913312966712e-10
7.497913312966712e-10
7.497913312966712e-10
0.00017717555433110818
0.0020248556588194962
0.00951606705293007
0.02151048718406434
0.03069757933737189
0.034165143369076806
0.045934489752459805
0.07607915500080935
0.08473503331819683
0.0875951408772068
0.09035389709237286
0.10037501785572071
0.1147004110601102
0.12763417179152892
0.14765492384984247
0.17309215255317964
0.20685626896393766
0.22143522430893897
0.24074715370120228
0.2639061397543795
0.29620217205178345
0.3099711854331765
0.3288528451023461
0.3511765073917474
0.3772963174975149
0.3918246514697916
0.41002268595797564
0.42232329150574577
0.4318128968237765
0.44231575216134267
0.4469222970793844
0.46155116251712064
0.49458150650659166
0.5158166467547607
0.5281176403270958
0.5449743558765058
0.5765867708362787
0.5960501839626327
0.6085536630258886
0.6269798165654552
0.6524170554804205
0.6880291889471966
0.7034433969421572
0.7238438091375988
0.749281046873036
0.7849184927537615
0.8088623417635655
0.8179994995405583
0.8414118784774948
0.8766696558897136
0.900486899123846
0.909750610332654
0.9329350722947592
0.9659145349706316
0.9894027192375143
1.0033742181098133
1.0221040828773367
1.0560709186198352
1.0708776701421083
1.095985869321269
1.1160572349036073
1.1407857677025097
1.1746765003343422
1.1890276595020717
1.2076561774642127
1.2305621925201067
1.2632884684060988
1.2772093459056655
1.2958632478182277
1.3184403545345564
1.3487625519354547
1.3700994603570353
1.3786291616613255
1.4004216593208814
1.4315030589099835
1.4562315975811198
1.4713167666533817
1.4914134465742792
1.5273293091066553
1.5524881260193235
1.5676239164643102
1.587695289334595
1.6133603227036695
1.648896474558709
1.6637285367673331
1.6831164192719834
1.7063514932734165
1.7406980320809526
1.7641610284556988
1.7733994289781407
1.7956474747615994
1.8271591930381377
1.8510524764575154
1.8610501975708336
1.885702584732117
1.9104816958551238
1.926174320671918
1.9342990509943891
1.9484221821723064
1.966949369823396
1.986261421801006
2.0011694160687132
2.021190162298037
2.0569288510476307
2.080568747853406
2.094261829175701
2.1125359625542757
2.1355179115439116
2.1685481526718604
2.183380214880477
2.2033250295614617
2.2288888098520756
2.2550569094901562
2.26788940731271
2.2764444193033513
2.299148081478899
2.33387425500608
2.357413101498894
2.3718908140984314
2.3913293920428913
2.4252961577807213
2.4486324942956363
2.462730546599743
2.4816375927956065
2.514743548233281
2.5384595855172445
2.552861366057706
2.572097417144254
2.5956615511838503
2.6288942974720517
2.652458489250654
2.66184875389127
2.685438199771878
2.7185696129037655
2.732971393444227
2.7525112136352945
2.776860031816446
2.8106495803638634
2.8353781176131334
2.8502101798217576
2.8697753247431756
2.9039951229115193
2.926369753936268
2.9403918741812762
2.9600582737199357
2.9919238228581633
3.0111346070892218
3.025333902138785
3.0448737463578235
3.0693744810129964
3.103315999259003
3.117793711858548
3.135308445712218
3.14659697999685
3.1669465241328902
3.172160417171773
3.1739321652171784
3.1792220354534653
3.2015711472108137
3.214859257551312
3.2375121446123374
3.256064763370094
3.2879555636468543
3.312430993888776
3.327642716392839
3.347663462419804
3.382946550708926
3.408029436848157
3.423114605920419
3.443185979191358
3.4786209395466368
3.504210042723651
3.529824457150102
3.5401259064997825
3.5656390783531284
3.599631088804698
3.6244102128941758
3.6334967492984367
3.655592427632102
3.6864954978884112
3.7058066947505983
3.713475832718548
3.7331412302282283
3.7628043795489083
3.7820389609900085
3.7923910317124063
3.8075262171922333
3.8325259848945294
3.8408785113942723
3.85593673465151
3.8725907958733554
3.903798265138606
3.9268055754130713
3.9505215992809766
3.959684067744343
3.9806663085584826
4.014177616335594
4.039640166567314
4.049561955621549
4.0712526910224875
4.087451439690552
4.099954849349773
4.109623531540385
4.1338205314713266
4.166319316458077
4.1901366697962095
4.205247149554823
4.225318512617565
4.2608800064817585
4.2832541824874335
4.2964916714552075
4.314487150667095
4.342933907035466
4.3629793823174525
4.3761409392261434
4.394288256540966
4.414941164125095
4.4441224806596304
4.456499406291063
4.47282425244966
4.493882317510495
4.5250139384317976
4.547160590178433
4.556323058641792
4.5800644781922975
4.615296900223487
4.640708825144257
4.655819304902885
4.675991921607344
4.7116546733971925
4.737218464093067
4.752683293460774
4.772982463524793
4.808316181449517
4.833854663247034
4.849142317810194
4.869694594841841
4.904699264368403
4.928820182930323
4.94248795356626
4.961572180335719
4.9861740739625455
5.019128195780855
5.041553246179948
5.050082947484223
5.072128292470593
5.103183932562755
5.127684671234173
5.13722679999297
5.160512431270821
5.191593095487452
5.214397876264337
5.228394685822979
5.246871341762943
5.279471305335816
5.303592352987439
5.317715715977905
5.337382113742018
5.36198408935495
5.395115390754444
5.418654265348604
5.428221704793751
5.4528996229993085
5.486714587497114
5.508810792043777
5.5174923574662404
5.535967880337588
5.555836682120827
5.57201007966829
5.578616168808995
5.596333636439383
5.622707177135487
5.646195354436166
5.659989678503918
5.6792510970407735
5.714154450885871
5.729062445153593
5.754195956342152
5.774520411603595
5.797932559892337
5.829798022111447
5.851742234628639
5.860525042796553
5.8822663438002225
5.914208167829833
5.937493911628035
5.946960108327742
5.971536777713385
6.00649069338218
6.031396396001573
6.046506875760186
6.066704802728773
6.102595355284751
6.117604592297915
6.142611550365027
6.162429790231188
6.186753355347044
6.221757900043396
6.244790559051811
6.254459241242423
6.27994710224946
6.310800067224202
6.3352754448112085
6.34228650493371
6.35752340810014
6.389870341136002
6.402272577453802
6.415811983166606
6.418848976359744
6.423016903314153
6.423725497937388
6.42420640097829
6.427673424465829
6.432885374556029
6.437314253582675
6.444451526865876
6.447463498543053
6.4551829143360075
6.465710439230514
6.470215741403099
6.476138025784495
6.483477644012839
6.494030492985293
6.500939831069186
6.502762200487315
6.505849511254888
6.506381374515042
6.507444140612037
6.507975665025672
6.510151962834762
6.512605804436461
6.519869427638836
6.527487602298896
6.530575506035163
6.5380671472376815
6.548392262072604
6.552846942872472
6.558870471079136
6.566463152093178
6.5772431734583
6.578609950521894
6.579369011313365
6.579900365318759
6.5822264873255545
6.582929054236698
6.585991647286614
6.590013449047162
6.591784536184897
6.59249298761502
6.595682134096728
6.6031470172332964
6.620889103304659
6.636799614309545
6.657832735714663
6.6675773499643585
6.675142547501824
6.683413704797266
6.6953325826279215
6.6967752917505985
6.699506921968327
6.706511703858905
6.709953956194079
6.710232373744068
6.713219028002917
6.717419580411105
6.721012743091641
6.722657937705224
6.723315699964452
6.74198832728059
6.747098249070676
6.751121134152638
6.752082940234427
6.785087782276882
6.803488650723064
6.817308285477181
6.8355825974740645
6.860640171641173
6.895746050380721
6.921006115103836
6.931181011021701
6.9556057964038835
6.99081294518659
7.015364270347207
7.025007641851445
7.048900839121703
7.081956188101016
7.1057481261190425
7.119846178423164
7.137158329842835
7.167327305086195
7.188283762388432
7.200306338410793
7.216048765234785
7.2350310413682335
7.261223629800484
7.280990907634448
7.289242191388727
7.31131273759872
7.340519211841165
7.361147131703502
7.369727454380517
7.3936713605231015
7.412654077626531
7.4377875891846825
7.448038417161646
7.473703452412133
7.5093915191056615
7.534980621363117
7.550318897299002
7.570820552560643
7.606736415795902
7.632300208980177
7.657813379850903
7.668064207827866
7.6925649149983455
7.726556992733756
7.741338433569678
7.761232598962184
7.786239517542283
7.821320097525916
7.836658373461816
7.857109403582634
7.88221757229134
7.916336199208677
7.941014101348548
7.950961201089149
7.975259243696327
8.007048498653091
8.020564405170846
8.04385005999278
8.062605086751434
8.094470450786057
8.117123143190176
8.139143115000838
8.147799369736944
8.17154076853293
8.206773242884756
8.222111518820642
8.241550103115964
8.267164515942328
8.303004421311964
8.327606395246123
8.337173834691287
8.360763392239125
8.393819085274025
8.416725240312434
8.439783269119816
8.449224155133157
8.482583625711325
8.506249100209661
8.520220599081975
8.538975813870838
8.561957900666753
8.59427950821194
8.61741346859614
8.626677179804942
8.659277338117626
8.683195930230386
8.7069626632716
8.716428859971314
8.740220903845293
8.773377902427114
8.797043389777834
8.806332411672994
8.82949167630472
8.861939954536636
8.885605439531759
8.895021014858726
8.918585254803974
8.951261344882205
8.974218094280335
8.9964661162249
9.005426099197338
9.0370389792092
9.059261643784552
9.072271336575062
9.102845959117793
9.111654077972066
9.144836323404693
9.1596177642406
9.177740083650018
9.201683941648671
9.235853252816261
9.260176771347053
9.269820142851307
9.294624613427679
9.330489852947624
9.355623353478165
9.365469210473318
9.386856164087217
9.417556875644326
9.440690664938387
9.455143066851573
9.475416911006475
9.509813945069022
9.53327671011371
9.555726994433847
9.564357938483578
9.586074228576605
9.617838128042877
9.640845422400385
9.65028630841374
9.674103606406026
9.708753927667365
9.734191166010973
9.744188887124292
9.784027867888112
9.80402330265467
9.828802457918814
9.838673625600324
9.863629946143718
9.8987864868775
9.92399589870938
9.938524232681642
9.957734989856526
9.99195496815563
10.016278493727002
10.031363662799258
10.051738765238797
10.087553385560051
10.113117176645535
10.138427855767285
10.14840026619426
10.172647852678129
10.205804143476755
10.219800953035412
10.250728120663231
10.258954093731166
10.286842885369493
10.305040359108107
10.312329836780611
10.33085605879352
10.358492530357196
10.377778486161564
10.385397002756774
10.40460664147372
10.418529081083594
10.42242537693521
10.424070571548786
10.425310502891161
10.431127724022964
10.438086406426173
10.441073067417006
10.444438190112567
10.449474258703688
10.462530284566729
10.472754991429237
10.476880633306385
10.492769554242903
10.500817304776115
10.510915437887068
10.514990458391496
10.525189334337544
10.539485647804367
10.549684567583634
10.559681482650719
10.569905679462678
10.57805464221408
10.58822826753935
10.598174580990054
10.602173669435365
10.616216966988153
10.626415836989931
10.636741735054189
10.640816755558587
10.651015683637345
10.664830906031039
10.670753606639941
10.678548203238794
10.69481660331122
10.70286437191413
10.712734776989244
10.716835108180032
10.726882146841863
10.741304817058666
10.751504197187204
10.761677823812683
10.765676912258007
10.776533424012214
10.785922313998663
10.798373524034089
10.80338503993395
10.816823263841025
10.824795408522274
10.829427264126682
10.831755838673194
10.833527586292178
10.834059110705775
10.83448939237396
10.835425887769357
10.83572961600572
10.83664080071476
10.837298878560201
10.838058199151051
10.838361927387414
10.839273112096468
10.83990587925542
10.840209607491783
10.84091830670994
10.841778870046262
10.842361015830443
10.842765986812239
10.84367717152129
10.844234006621297
10.844892084466707
10.845297055448533
10.846233550843843
10.846765075257185
10.847448463772892
10.848511512428397
10.849346765070173
10.849625182620176
10.850612299388288
10.851270377233732
10.851953765765511
10.85225749400186
10.853168678710924
10.853877377929082
10.854155795479072
10.854763251951782
10.855623815275719
10.856661553185726
10.857496805831877
10.857775223381866
10.858686408090936
10.859395107309064
10.860103806527219
10.860331602704505
10.861242787413381
10.861926175945166
10.862660185849698
10.862913292713314
10.863571370558752
10.864533176640373
10.86493814762217
10.865874643017325
10.866532720862752
10.867038934590028
10.867418594885466
10.867899497926347
10.868532265085415
10.869443449794392
10.87012683832597
10.870759605485011
10.871038023035016
10.871974518430429
10.872632596275205
10.873315984807
10.873594402356975
10.874581519125122
10.875239596970564
10.875872364129632
10.876150781679605
10.877239141193192
10.877745354920448
10.878428743452167
10.879112131983955
10.87939054953393
10.880301734242936
10.880909190715645
10.881592579247421
10.886199061110418
10.894879351221629
10.905635390285404
10.906017091530554
10.909535276934976
10.921225408204347
10.928565440756302
10.930666227724421
10.938207803197049
10.953566282602843
10.963437080062242
10.964196433995326
10.964753269095304
10.971384463694426
10.983252571467238
10.986492273387285
10.98995983741899
10.994895464384118
11.002133443062293
11.012636378758769
11.017040438185905
11.019394268887114
11.033466626248805
11.04756349718479
11.059484830461702
11.080557772941308
11.094147968394168
11.108014772822486
11.119758437105416
11.12800972085971
11.160457979438217
11.184098147352065
11.206928385350713
11.216014921754974
11.238718599467097
11.271141566105292
11.29422491199034
11.303412691140066
11.33998654262647
11.35869112808274
11.382052888860231
11.404731263474307
11.413615314387684
11.445228358685673
11.467451139015774
11.489825784138452
11.512377604326982
11.530171013969225
11.553153108134952
11.575806171046015
11.584588979213928
11.615493300497599
11.639386565545825
11.660824134723063
11.667607398668308
11.689215782131136
11.707641845676012
11.731408541483669
11.755504265259129
11.77980249827506
11.799797939250027
11.825108623347873
11.850419308208942
11.875578128266726
11.89600384739147
11.920985471561252
11.946296153924594
11.956546981901559
11.99236159749333
12.018077251926025
12.043716974085703
12.053917180689934
12.07945566208954
12.115118412332354
12.140580962085256
12.166195376683595
12.186772964518727
12.21243799903928
12.237824608636842
12.263236536537192
12.288775018967325
12.30912480969883
12.334435487312096
12.359847416109139
12.385436518510446
12.406014105546424
12.43172976206509
12.457369484806884
12.467544380724743
12.503131205739919
12.52816345717665
12.55294260992356
12.578025496358201
12.598248734640354
12.623306310747925
12.647477953773704
12.657045393218851
12.689999569612052
12.713285278052085
12.736545707556417
12.760211132829575
12.784129651467723
12.802555601935717
12.824879486480347
12.846215758992027
12.86747618749265
12.882433572458098
12.90050457489273
12.907591567074336
12.925915214315655
12.951019118947128
12.969419018470417
12.989186194739187
13.009535272499594
13.025986695673335
13.046994104161934
13.068406634588543
13.076986957265527
13.108143647236874
13.130948353590266
13.153854384547335
13.177165377393928
13.200526988263718
13.220092142553902
13.245504071659301
13.270586949301569
13.29592294581152
13.316449911789451
13.34196308363361
13.352239222296932
13.392027545462117
13.411567322161401
13.434853042661146
13.459834689187476
13.485297236791668
13.505545778652708
13.530248957634276
13.554294028599347
13.577984681950438
13.597220716689808
13.621240505178982
13.645867786964708
13.670950673675016
13.681226812338323
13.717041430548317
13.736049613763408
13.748172950326275
13.77252182603533
13.792137494169113
13.814562594209571
13.836709444530417
13.84410016494837
13.86161487104565
13.879382971277941
13.903478656674674
13.927599605818
13.944481297338143
13.966931676331379
13.989711095274501
14.012338538797062
14.028966729597613
14.04850613444629
14.071361560993646
14.09500159500604
14.104391859646665
14.13625702217226
14.156251704835631
14.175663885019622
14.1944433140227
14.212084747846175
14.236889219496733
14.247190668846414
14.272729133527084
14.307151665760149
14.332538284140584
14.357671795401803
14.379565285980838
14.388474647580574
14.42158093044829
14.445372937314232
14.468329607056093
14.48597093364666
14.507357930994104
14.526922419306805
14.534363761097476
14.561647953536019
14.586224577541174
14.61014312974639
14.63398573218277
14.64352786094156
14.67721619913311
14.701463816272875
14.711183119836205
14.735177583275933
14.768283717888588
14.792126340047368
14.816120816515625
14.825764188019862
14.859705576170489
14.883421584169161
14.906833872836328
14.91614820541786
14.949254314551313
14.973122237320696
14.99701541024426
15.019161875324034
15.035916825209867
15.055227908092943
15.076007478905785
15.09344567052178
15.110656834470477
15.13371475637331
15.15651960679419
15.178919452666864
15.18793005701205
15.218935126551074
15.241942535802517
15.264975234205155
15.28955190795848
15.309775142586108
15.334832721547306
15.360345893366816
15.385656576698652
15.405905125784132
15.431342360246143
15.456577113741252
15.482140906899211
15.50271849479233
15.528256977329066
15.543569942578593
15.579460495528537
15.589610080760036
15.625374079055522
15.65058352029209
15.67571702310242
15.701027708675422
15.721428121801148
15.746181865472302
15.768328309997361
15.789614080075097
15.80753396904547
15.828212311373226
15.832058378681724
15.834032612218035
15.86161771238695
15.877486031326587
15.896291281362625
15.917956984394213
15.936408452681038
15.944582617824647
15.949441472035536
15.959059074610446
15.966348548106778
15.977383759503287
15.990190837130688
16.00264342689337
16.0157287183816
16.025397278373006
16.03767282248855
16.049619356048634
16.054251211653042
16.070576401210918
16.08178895205886
16.092925603610958
16.10385972959005
16.11322456497351
16.124487756391105
16.134789187598543
16.144938740000754
16.153367151441866
16.164174758424483
16.174526815442515
16.184752309769138
16.192826404436797
16.203077196668772
16.213707659053973
16.224160933424308
16.23286775785291
16.243700673184176
16.25501446629696
16.26665725928116
16.27779389605466
16.285817378845067
16.294853291229195
16.30391451381437
16.314013455734877
16.32153072942052
16.33099692332526
16.340893379081848
16.34922057005295
16.355548240182607
16.364406969009178
16.37260761226775
16.375568962572196
16.3880218048525
16.396526181928884
16.405182436403088
16.415104204315906
16.422798648859604
16.43598514993107
16.457929376268673
16.47071108875827
16.486504955725334
16.496273950008117
16.50477763659571
16.510978568962962
16.511256986313523
16.511434160524765
16.51249720918366
16.513180597714392
16.51358556869372
16.513636237275698
16.51568639899741
16.51619261272458
16.516546962685606
16.521583741785
16.537276274462613
16.5622832317509
16.587593906981645
16.597591628094964
16.63244442685113
16.6566920637514
16.666107639078366
16.688912497266482
16.72123400687507
16.743406107898736
16.76461624659918
16.77296877309892
16.803239843916504
16.821892918531912
16.842444935742808
16.859781490538342
16.87605619721598
16.89830376600168
16.915868114934376
16.92864707074058
16.93459508203586
16.953694981594108
16.96728531486763
16.97874789561383
16.99760382951275
17.01316861809039
17.022786663097772
17.02706417258997
17.034352116231787
17.041109857862978
17.05039817637303
17.054473196877446
17.073658091893464
17.07497474146863
17.08049165425962
17.081482146336366
17.08651820018866
17.086568889162233
17.088214040944347
17.092263442940084
17.094085789919312
17.095047587693873
17.096135930950563
17.09638903344235
17.097730444012168
17.098995927525078
17.099198417904176
17.103551487621985
17.109270899950822
17.115597819167732
17.126987591172032
17.146071623092634
17.163713091245555
17.180620592733106
17.195275280787477
17.21385320320442
17.23131756862883
17.246225493235134
17.259564160063636
17.26010168860791
17.274350941340042
17.295687688863644
17.30707640284524
17.317224631033323
17.319807172418294
17.327928696621495
17.33331987281678
17.362401330250197
17.381662131765424
17.388774202429836
17.400416523243454
17.40742622907538
17.409198382368853
17.40988134825962
17.412082320569667
17.41835933405238
17.434303711373794
17.442478698350623
17.450248481721648
17.46252415562823
17.479127776919594
17.495934044716854
17.514866231838962
17.531723097146312
17.553110627104715
17.572017092446146
17.580267790418972
17.596188150502833
17.610058393682465
17.628990764992075
17.63683707776457
17.655693532373025
17.68442090144207
17.70573245860123
17.72717051643389
17.748557977417054
17.76536426793737
17.785714059773102
17.805785433835567
17.82535059406193
17.840967287512914
17.860734932236003
17.881590905159584
17.903332696694893
17.92294847770539
17.94853758124666
17.973949508893824
17.99948798944466
18.019711217401902
18.04517376787976
18.069725101437957
18.093593011875683
18.117941880707995
18.137507040923264
18.162286199052904
18.1876981127346
18.197695833847934
18.23237136776418
18.256796097844976
18.28929412103626
18.302911270299465
18.32083095884574
18.343028053478744
18.364415214755475
18.38448549977302
18.39911397072105
18.41733644352295
18.436951790855343
18.458693270291324
18.47635977620261
18.498455743531462
18.521159244649482
18.544622163088686
18.569325361946117
18.589118267198508
18.6133152042797
18.637081741773294
18.658164659567685
18.67408433943849
18.695193329785557
18.718909282349152
18.742119035092216
18.76102603114818
18.784919223438337
18.80883774653763
18.8324271285028
18.85130882078121
18.87530328596351
18.899601523473166
18.924000962924374
18.933467159624072
18.96644651153959
18.990289106148293
19.01415697437974
19.038252660710363
19.057336839133896
19.081027528800973
19.104186612622172
19.113323770399166
19.14579688751601
19.16971540295795
19.1934566653113
19.21600809177508
19.23423166977642
19.257897003311854
19.280853643494538
19.303734267839246
19.32205900570399
19.345116862833216
19.36855446704446
19.378071285116906
19.40889845928538
19.43129803197972
19.452710486111293
19.47417347093551
19.491586875095056
19.512821656502148
19.53251272818655
19.55149441009239
19.568880784739097
19.581205110216736
19.596795242225287
19.614916830564525
19.623724949418797
19.634984858929013
19.645058352814022
19.667483467729014
19.67656995831655
19.6765955465582
19.676722107328306
19.67910112635915
19.68044251603965
19.680999340500176
19.6816068596395
19.685150018953898
19.68945216229277
19.691552949260906
19.700280868931447
19.706253415231433
19.711770061154933
19.718020458091484
19.722449003849206
19.72751054743612
19.733229595413242
19.74018836675149
19.74600832592958
19.753094196578505
19.7605843091149
19.765721528875936
19.76969460787888
19.774958326535778
19.775167842034282
19.783240235283397
19.79239898023899
19.793942744001626
19.79419579713283
19.796117885482214
19.796851595947242
19.7971554896195
19.798369896154423
19.79998883168192
19.80170882131816
19.802771121113622
19.80350491688385
19.803707254394205
19.803934833353175
19.80439026335244
19.80608484983121
19.810816374103965
19.81959629242848
19.828731126326634
19.841029175814107
19.85297436084551
19.869501763486166
19.88496636179804
19.904607065917414
19.91586975837339
19.916882118207493
19.92520789762681
19.929736891485682
19.93545638051141
19.9362199922
19.93864925997553
19.94100253941187
19.94467186305367
19.94829029653564
19.949328034676505
19.949610808260978
19.950345269608867
19.96181096176969
19.97573149291941
19.98818381352973
20.003142177940134
20.016430174503515
20.032628843705062
20.040448318118987
20.05791206965234
20.080159757529437
20.10076217123349
20.11799840922773
20.139284121728046
20.159962425151466
20.180463739319823
20.201673673821098
20.218378076221608
20.238778181966268
20.259253680850122
20.263989340609196
20.280516787071026
20.29626000540381
20.2968168405038
20.29785711504577
20.297986685082225
20.30183300484197
20.306843517475844
20.3137259691846
20.318078560594138
20.32190049732653
20.328177205068666
20.335542020868044
20.33905972904417
20.342476659858107
20.352068804295147
20.370216566333234
20.381174413983484
20.387881435077258
20.39137429771777
20.392513272421596
20.395701792535522
20.397043248164007
20.39922005807294
20.413595605432057
20.425034753827322
20.427363336984122
20.428401045312466
20.428780741013956
20.43414631138757
20.437006417085897
20.44330800525826
20.456747370575535
20.472135603932205
20.48069058601114
20.48175363484601
20.482487644621397
20.48365193577252
20.485069332636506
20.486258934122223
20.48780288328486
20.48919497077539
20.490182087358015
20.490840165203295
20.491523553735092
20.492156320894154
20.492839709425922
20.493725582927443
20.495446791635825
20.501546328315317
20.50417863573026
20.504862030495083
20.516200893949676
20.51718832047423
20.51946578610685
20.521009584900685
20.522477823155803
20.53738547993459
20.55368299995689
20.56552694694896
20.568361742803205
20.568893738314184
20.568996318443784
20.571856477720587
20.574286602802836
20.587852444835992
20.601366083805836
20.616348909306122
20.62143638044412
20.62561264413644
20.648746608668954
20.661474496756245
20.66661255699434
20.677015053253506
20.682456560120887
20.68845501699737
20.68898654165222
20.690454561775628
20.69571904832042
20.695922364599074
20.696782912727972
20.697997834560258
20.707666501020782
20.721030493643013
20.735761017013214
20.748086488782228
20.754059754851134
20.755527734197276
20.757704438496276
20.760944115253487
20.761222531443725
20.761829987098817
20.77081524622081
20.775649537827842
20.77620637296475
20.77734535325719
20.778686819141925
20.779167721781544
20.7800789052999
20.780154837351972
20.781521613481086
20.782736526426522
20.784837314901665
20.785799120074746
20.78645719792006
20.787140585084416
20.787317759888957
20.788482048468424
20.78951978541267
20.79083591225751
20.791291506393446
20.79222800476013
20.795923280034017
20.798099973533613
20.80058027404471
20.80384534092953
20.804326181728083
20.808881792530673
20.810020770933882
20.810780091463634
20.81462716467059
20.822346389410214
20.830268517816652
20.833153924399436
20.83388793405015
20.834216973009067
20.835355953713574
20.835862167440773
20.836545555972567
20.837153012445103
20.839785273168093
20.843834503346578
20.844164136059867
20.855755887448463
20.869752640046947
20.886685188817633
20.909869428963667
20.929458872178206
20.945781748461375
20.946515745969176
20.953501480104382
20.961701164073467
20.974050528275225
20.988881232534705
21.003864696100617
21.010976233702547
21.01927782698563
21.02930082350186
21.03494499273749
21.04291728656448
21.050079679470056
21.05638215416407
21.06280921280667
21.073616868172163
21.08389287338793
21.088220937771148
21.091081070658337
21.101961871117794
21.1119077008194
21.11899444719079
21.121221777686596
21.13772361553247
21.14349408818184
21.150354027173147
21.159009140411673
21.179282109096228
21.199657122947865
21.221601369154317
21.24564651905071
21.265692575369606
21.283840276113146
21.30368384309741
21.325653484921705
21.339167555119673
21.35660618836031
21.38042352105593
21.400747327078097
21.415376276876625
21.438409001396636
21.461188616010755
21.48449947811783
21.499432333832623
21.52195857408695
21.542029498374472
21.565745238342338
21.576905920118268
21.58614201313547
21.595403680525177
21.603576955149094
21.605753667406717
21.614915482975203
21.631341942763452
21.649688867030598
21.650344002206523
21.655024826991816
21.658541340397964
21.67628311783722
21.693013012643885
21.714374719109205
21.736015074192807
21.75795888358304
21.771851930169053
21.78384775490903
21.79103554344695
21.797868930925187
21.806272052747413
21.81930654625235
21.8348978692263
21.845350569351872
21.855979207995876
21.86835454847743
21.88733714007562
21.909179917141458
21.93223780697557
21.95195481038959
21.977493284608475
21.998880122210767
22.02373513217106
22.03003549110873
22.030667804522214
22.045751413163742
22.06055421715274
22.061616487940746
22.064246729367635
22.066422424363637
22.068699391743515
22.074141189311547
22.104767087164962
22.129925907890666
22.154983472643647
22.17956012765436
22.1998086723889
22.224714385637263
22.249923821589178
22.274146087587464
22.293559355432922
22.318161297154735
22.342155792166633
22.366631194653895
22.386069766988722
22.4100894902702
22.43304614847082
22.45587622904192
22.479237777359565
22.496828499831707
22.520012946115205
22.542463275807624
22.56539455470528
22.583693993950405
22.606144327014967
22.627733914499206
22.649576625183084
22.66671156206813
22.688149219177745
22.709409863897694
22.730138729234355
22.746995181500093
22.767825291776973
22.788402482425933
22.7960709850659
22.79956158016258
22.803482268424936
22.807251960627312
22.809806406181806
22.813778320333757
22.826964054813942
22.842022765129627
22.861384891986187
22.882316221289994
22.897374696269434
22.913547225452792
22.931086778823026
22.951891468410818
22.968241630985656
22.98886847837518
23.005471658391407
23.02382140230131
23.042728138899818
23.060874878860226
23.079250054759726
23.094284485714052
23.095852908595614
23.095956233860953
23.098030733615193
23.101799493052344
23.105264783532764
23.110553631003636
23.131156357820647
23.154138329935645
23.17706952552828
23.195065274245405
23.218578821662394
23.241965727444946
23.26502362920009
23.28377866319227
23.306279585880976
23.328780612748993
23.351433458543973
23.369707610749426
23.392689454543937
23.415114541568283
23.437488854594253
23.455231364048302
23.47730194303214
23.49962577077408
23.52162033017407
23.54308326508999
23.55993979211248
23.58178273761985
23.60390383572107
23.625037685598247
23.641615549257104
23.66188896637492
23.682946854602054
23.703827550470233
23.720532138142847
23.74141289818677
23.762445754987922
23.783174345098683
23.799068941725757
23.81994952115155
23.84027359907396
23.861458184354
23.87889691844013
23.900714436388725
23.922886385075543
23.944653172188286
23.96214251886973
23.983605678228482
24.00618268233046
24.029164634894357
24.052627505594362
24.07128139672843
24.09504809456051
24.11939692325482
24.14394826068678
24.163589298168848
24.187330664261143
24.21127451357036
24.235496791780594
24.254985988839227
24.279360123704116
24.30302553981696
24.326412472102984
24.344762478963343
24.366858481116726
24.390549188252063
24.412872886546776
24.434993918944453
24.450888620045674
24.47273148969635
24.493384307083208
24.513733300598027
24.5287657950938
24.541165692164057
24.550603565577845
24.571560751575873
24.588012647534935
24.60793208841207
24.629040817932776
24.650831618438687
24.668040263001494
24.687551964287223
24.707216503695307
24.726020161469624
24.742318994650063
24.75507457536023
24.771323217744065
24.78711579322549
24.80288298026869
24.815056515157192
24.83049487918508
24.846262617620226
24.862586464545288
24.875444118435983
24.88015188361896
24.892452814651083
24.895388716440067
24.897767810241575
24.89979252905873
24.900627779145974
24.915914266191194
24.932389922678066
24.94466476112966
24.95899050412715
24.96233135544046
24.964938239974042
24.966026529370428
24.97022810252886
24.985995091290476
25.000244820517114
25.00221899360799
25.00700255383586
25.011685029437533
25.02839005680766
25.042513392167013
25.06023080275039
25.075214252873064
25.075695195547386
25.076732640012153
25.07979520130768
25.095918004652997
25.118950513972493
25.141755271997976
25.160307985548734
25.185922400092938
25.210625555015447
25.231632789236308
25.248160215701823
25.270534799832785
25.29582017341182
25.320877749313432
25.34125285173926
25.3667406889781
25.390431442931046
25.414400618859688
25.433940405671006
25.457529862499673
25.481220605626465
25.50501256938673
25.528652630115687
25.547939366783407
25.573655023652307
25.59886445283576
25.622707042427965
25.64191781393262
25.66629199725062
25.691248322207493
25.71554656020539
25.734276468071258
25.757587607467187
25.782063036306894
25.807449652244944
25.82747040395295
25.852907643310704
25.87849674671587
25.904161782514922
25.924562195649578
25.950227230908354
25.975791024049332
26.001152326902123
26.026032727972606
26.046458451062232
26.071996933160136
26.09758603460928
26.12294733712134
26.143575538280047
26.16870904365108
26.194323457422588
26.220064424283123
26.240464836539026
26.26595269330342
26.291364621852747
26.31695372363813
26.337101028795228
26.36109546228746
26.38253353111928
26.405996382478904
26.425637269636855
26.444898698241268
26.468083286492377
26.492508098802382
26.517287217434834
26.536725755778566
26.56074552662602
26.58461343828311
26.60979754820158
26.629666390027303
26.653964620930882
26.67861717189669
26.7029407075122
26.723163940531713
26.748651801174198
26.77429152503676
26.799754072868875
26.81939513796491
26.843566786287795
26.866852435564194
26.88988504768936
26.908741373714477
26.93164738563602
26.954857146362688
26.97740878214624
26.99626519025798
27.020689960726077
27.044861593382056
27.0679447904726
27.091407705197383
27.110567863521
27.135017964370007
27.15934149207866
27.183816894207713
27.21629031223811
27.218644206069847
27.21958070146512
27.219631322837852
27.219656633524227
27.219656633524227
27.219656633524227
27.219656633635868
27.219681944322243
27.21970725500862
27.219707255434052
27.219732566120427
27.219732566120427
27.219732566120427
27.219732566120427
27.219757876806803
27.219783187493178
27.21978318773456
27.219808498420935
27.219808498954993
27.21983380964137
27.219859120327744
27.21988443101412
27.219909741700494
27.21993505238687
27.219960363073245
27.21998567375962
27.21998567395876
27.21998567395876
27.220010984645135
27.22003629533151
27.220061606017886
27.22008691670426
27.22008691670426
27.22008691670426
27.22008691670426
27.22008691670426
27.22008691670426
27.22008691670426
27.22008691670426
27.220112227390636
27.22013753807701
27.22013753807701
27.22013753810115
27.22013753810115
27.22013753810115
27.22013753810115
27.22013753810115
27.220137538215806
27.22016284890218
27.220188159588552
27.220188159588552
27.220188159588552
27.22018815997778
27.22018815997778
27.220213470664156
27.220213471098642
27.220238781785017
27.220238781785017
27.220238782095795
27.220238782095795
27.220238782095795
27.220238782095795
27.220238782095795
27.22026409278217
27.22026409280329
27.22026409280329
27.22026409280329
27.220289403489666
27.220289403489666
