0.06220095693779904
0.06220095693779904
0.06220095693779904
0.06220095693779904
0.06220095693779904
0.06220095693779904
0.06220095693779904
0.06220095693779904
0.06220095693779904
0.06220095693779904
0.06220095693779904
0.06220095693779904
0.06220095693779904
0.06220095693779904
0.06220095693779904
0.06220095693779904
0.06220095693779904
0.06220095693779904
0.06220095693779904
0.06220095693779904
0.06220095693779904
0.06220095693779904
0.06220095693779904
0.06220095693779904
0.06220095693779904
0.06220095693779904
0.06220095693779904
0.06220095693779904
0.06220095693779904
0.06220095693779904
0.06220095693779904
0.06220095693779904
0.06220095693779904
0.06220095693779904
0.06220095693779904
0.06220095693779904
0.06220095693779904
0.06220095693779904
0.06220095693779904
0.06220095693779904
0.06220095693779904
0.06220095693779904
0.06220095693779904
0.06220095693779904
0.06220095693779904
0.06220095693779904
0.06220095693779904
0.06220095693779904
0.06220095693779904
0.06220095693779904
0.06220095693779904
0.06220095693779904
0.06220095693779904
0.06220095693779904
0.06220095693779904
0.06220095693779904
0.06220095693779904
0.06220095693779904
0.06220095693779904
0.06220095693779904
0.06220095693779904
0.06220095693779904
0.06220095693779904
0.06220095693779904
0.06220095693779904
0.06220095693779904
0.06220095693779904
0.06220095693779904
0.06220095693779904
0.06220095693779904
0.06220095693779904
0.06220095693779904
0.06220095693779904
0.06220095693779904
0.06220095693779904
0.06220095693779904
0.06220095693779904
0.06220095693779904
0.06220095693779904
0.06220095693779904
0.06220095693779904
0.06220095693779904
0.06220095693779904
0.06220095693779904
0.06220095693779904
0.06220095693779904
0.06220095693779904
0.06220095693779904
0.06220095693779904
0.06220095693779904
0.06220095693779904
0.06220095693779904
0.06220095693779904
0.06220095693779904
0.06220095693779904
0.06220095693779904
0.06220095693779904
0.06220095693779904
0.06220095693779904
0.06220095693779904
0.06220095693779904
0.06220095693779904
0.06220095693779904
0.06220095693779904
0.06220095693779904
0.06220095693779904
0.06220095693779904
0.06220095693779904
0.06220095693779904
0.06220095693779904
0.06220095693779904
0.06220095693779904
0.06220095693779904
0.06220095693779904
0.06220095693779904
0.06220095693779904
0.06220095693779904
0.06220095693779904
0.06220095693779904
0.06220095693779904
0.06220095693779904
0.06220095693779904
0.06220095693779904
0.06220095693779904
0.06220095693779904
0.06220095693779904
0.06220095693779904
0.06220095693779904
0.06220095693779904
0.06220095693779904
0.06220095693779904
0.06220095693779904
0.06220095693779904
0.18553960659223817
0.18553960659223817
0.18553960659223817
0.18553960659223817
0.18553960659223817
0.18553960659223817
0.18553960659223817
0.18553960659223817
0.18553960659223817
0.18553960659223817
0.18553960659223817
0.18553960659223817
0.18553960659223817
0.18553960659223817
0.18553960659223817
0.18553960659223817
0.18553960659223817
0.18553960659223817
0.18553960659223817
0.18553960659223817
0.18553960659223817
0.18553960659223817
0.18553960659223817
0.18553960659223817
0.18553960659223817
0.18553960659223817
0.18553960659223817
0.18553960659223817
0.18553960659223817
0.18553960659223817
0.3894736842105263
0.3894736842105263
0.3894736842105263
0.3894736842105263
0.3894736842105263
0.3894736842105263
0.3894736842105263
0.3894736842105263
0.3894736842105263
0.3894736842105263
0.3894736842105263
0.3894736842105263
0.3894736842105263
0.3894736842105263
0.3894736842105263
0.9279106858054227
0.9279106858054227
0.9279106858054227
0.9279106858054227
0.9279106858054227
0.9279106858054227
0.9279106858054227
0.9279106858054227
0.9279106858054227
0.9279106858054227
0.9279106858054227
0.9279106858054227
0.9279106858054227
0.9279106858054227
0.9279106858054227
1.2314726209463052
1.2314726209463052
1.2314726209463052
1.2314726209463052
1.2314726209463052
1.2314726209463052
1.2314726209463052
1.2314726209463052
1.2314726209463052
1.2314726209463052
1.2314726209463052
1.2314726209463052
1.2314726209463052
1.2314726209463052
1.2314726209463052
1.2314726209463052
1.2314726209463052
1.2314726209463052
1.2314726209463052
1.2314726209463052
1.2314726209463052
1.2314726209463052
1.2314726209463052
1.2314726209463052
1.2314726209463052
1.2314726209463052
1.2314726209463052
1.2314726209463052
1.2314726209463052
1.2314726209463052
1.2314726209463052
1.2314726209463052
1.2314726209463052
1.2314726209463052
1.2314726209463052
1.2314726209463052
1.2314726209463052
1.2314726209463052
1.2314726209463052
1.2314726209463052
1.2314726209463052
1.2314726209463052
1.2314726209463052
1.2314726209463052
1.2314726209463052
1.2314726209463052
1.2314726209463052
1.2314726209463052
1.2314726209463052
1.2314726209463052
1.2314726209463052
1.2314726209463052
1.2314726209463052
1.2314726209463052
1.2314726209463052
1.2314726209463052
1.2314726209463052
1.2314726209463052
1.2314726209463052
1.2314726209463052
1.2314726209463052
1.2314726209463052
1.2314726209463052
1.2314726209463052
1.2314726209463052
1.2314726209463052
1.2314726209463052
1.2314726209463052
1.2314726209463052
1.2314726209463052
1.2314726209463052
1.2314726209463052
1.2314726209463052
1.2314726209463052
1.2314726209463052
1.573631047315258
1.573631047315258
1.573631047315258
1.573631047315258
1.573631047315258
1.573631047315258
1.573631047315258
1.573631047315258
1.573631047315258
1.573631047315258
1.573631047315258
1.573631047315258
1.573631047315258
1.573631047315258
1.573631047315258
1.8820839978734716
1.8820839978734716
1.8820839978734716
1.8820839978734716
1.8820839978734716
1.8820839978734716
1.8820839978734716
1.8820839978734716
1.8820839978734716
1.8820839978734716
1.8820839978734716
1.8820839978734716
1.8820839978734716
1.8820839978734716
1.8820839978734716
2.0118022328548646
2.0118022328548646
2.0118022328548646
2.0118022328548646
2.0118022328548646
2.0118022328548646
2.0118022328548646
2.0118022328548646
2.0118022328548646
2.0118022328548646
2.0118022328548646
2.0118022328548646
2.0118022328548646
2.0118022328548646
2.0118022328548646
2.0118022328548646
2.0118022328548646
2.0118022328548646
2.0118022328548646
2.0118022328548646
2.0118022328548646
2.0118022328548646
2.0118022328548646
2.0118022328548646
2.0118022328548646
2.0118022328548646
2.0118022328548646
2.0118022328548646
2.0118022328548646
2.0118022328548646
2.0118022328548646
2.0118022328548646
2.0118022328548646
2.0118022328548646
2.0118022328548646
2.0118022328548646
2.0118022328548646
2.0118022328548646
2.0118022328548646
2.0118022328548646
2.0118022328548646
2.0118022328548646
2.0118022328548646
2.0118022328548646
2.0118022328548646
2.0118022328548646
2.0118022328548646
2.0118022328548646
2.0118022328548646
2.0118022328548646
2.0118022328548646
2.0118022328548646
2.0118022328548646
2.0118022328548646
2.0118022328548646
2.0118022328548646
2.0118022328548646
2.0118022328548646
2.0118022328548646
2.0118022328548646
2.257097288676236
2.257097288676236
2.257097288676236
2.257097288676236
2.257097288676236
2.257097288676236
2.257097288676236
2.257097288676236
2.257097288676236
2.257097288676236
2.257097288676236
2.257097288676236
2.257097288676236
2.257097288676236
2.257097288676236
2.650292397660819
2.650292397660819
2.650292397660819
2.650292397660819
2.650292397660819
2.650292397660819
2.650292397660819
2.650292397660819
2.650292397660819
2.650292397660819
2.650292397660819
2.650292397660819
2.650292397660819
2.650292397660819
2.650292397660819
2.650292397660819
2.650292397660819
2.650292397660819
2.650292397660819
2.650292397660819
2.650292397660819
2.650292397660819
2.650292397660819
2.650292397660819
2.650292397660819
2.650292397660819
2.650292397660819
2.650292397660819
2.650292397660819
2.650292397660819
2.650292397660819
2.650292397660819
2.650292397660819
2.650292397660819
2.650292397660819
2.650292397660819
2.650292397660819
2.650292397660819
2.650292397660819
2.650292397660819
2.650292397660819
2.650292397660819
2.650292397660819
2.650292397660819
2.650292397660819
2.650292397660819
2.650292397660819
2.650292397660819
2.650292397660819
2.650292397660819
2.650292397660819
2.650292397660819
2.650292397660819
2.650292397660819
2.650292397660819
2.650292397660819
2.650292397660819
2.650292397660819
2.650292397660819
2.650292397660819
2.650292397660819
2.650292397660819
2.650292397660819
2.650292397660819
2.650292397660819
2.650292397660819
2.650292397660819
2.650292397660819
2.650292397660819
2.650292397660819
2.650292397660819
2.650292397660819
2.650292397660819
2.650292397660819
2.650292397660819
2.7913875598086126
2.7913875598086126
2.7913875598086126
2.7913875598086126
2.7913875598086126
2.7913875598086126
2.7913875598086126
2.7913875598086126
2.7913875598086126
2.7913875598086126
2.7913875598086126
2.7913875598086126
2.7913875598086126
2.7913875598086126
2.7913875598086126
2.935885167464115
2.935885167464115
2.935885167464115
2.935885167464115
2.935885167464115
2.935885167464115
2.935885167464115
2.935885167464115
2.935885167464115
2.935885167464115
2.935885167464115
2.935885167464115
2.935885167464115
2.935885167464115
2.935885167464115
2.935885167464115
2.935885167464115
2.935885167464115
2.935885167464115
2.935885167464115
2.935885167464115
2.935885167464115
2.935885167464115
2.935885167464115
2.935885167464115
2.935885167464115
2.935885167464115
2.935885167464115
2.935885167464115
2.935885167464115
2.935885167464115
2.935885167464115
2.935885167464115
2.935885167464115
2.935885167464115
2.935885167464115
2.935885167464115
2.935885167464115
2.935885167464115
2.935885167464115
2.935885167464115
2.935885167464115
2.935885167464115
2.935885167464115
2.935885167464115
2.935885167464115
2.935885167464115
2.935885167464115
2.935885167464115
2.935885167464115
2.935885167464115
2.935885167464115
2.935885167464115
2.935885167464115
2.935885167464115
2.935885167464115
2.935885167464115
2.935885167464115
2.935885167464115
2.935885167464115
3.1905369484316854
3.1905369484316854
3.1905369484316854
3.1905369484316854
3.1905369484316854
3.1905369484316854
3.1905369484316854
3.1905369484316854
3.1905369484316854
3.1905369484316854
3.1905369484316854
3.1905369484316854
3.1905369484316854
3.1905369484316854
3.1905369484316854
3.5446039340776183
3.5446039340776183
3.5446039340776183
3.5446039340776183
3.5446039340776183
3.5446039340776183
3.5446039340776183
3.5446039340776183
3.5446039340776183
3.5446039340776183
3.5446039340776183
3.5446039340776183
3.5446039340776183
3.5446039340776183
3.5446039340776183
3.760552897395003
3.760552897395003
3.760552897395003
3.760552897395003
3.760552897395003
3.760552897395003
3.760552897395003
3.760552897395003
3.760552897395003
3.760552897395003
3.760552897395003
3.760552897395003
3.760552897395003
3.760552897395003
3.760552897395003
3.760552897395003
3.760552897395003
3.760552897395003
3.760552897395003
3.760552897395003
3.760552897395003
3.760552897395003
3.760552897395003
3.760552897395003
3.760552897395003
3.760552897395003
3.760552897395003
3.760552897395003
3.760552897395003
3.760552897395003
3.760552897395003
3.760552897395003
3.760552897395003
3.760552897395003
3.760552897395003
3.760552897395003
3.760552897395003
3.760552897395003
3.760552897395003
3.760552897395003
3.760552897395003
3.760552897395003
3.760552897395003
3.760552897395003
3.760552897395003
3.760552897395003
3.760552897395003
3.760552897395003
3.760552897395003
3.760552897395003
3.760552897395003
3.760552897395003
3.760552897395003
3.760552897395003
3.760552897395003
3.760552897395003
3.760552897395003
3.760552897395003
3.760552897395003
3.760552897395003
3.9078149920255183
3.9078149920255183
3.9078149920255183
3.9078149920255183
3.9078149920255183
3.9078149920255183
3.9078149920255183
3.9078149920255183
3.9078149920255183
3.9078149920255183
3.9078149920255183
3.9078149920255183
3.9078149920255183
3.9078149920255183
3.9078149920255183
4.2956937799043065
4.2956937799043065
4.2956937799043065
4.2956937799043065
4.2956937799043065
4.2956937799043065
4.2956937799043065
4.2956937799043065
4.2956937799043065
4.2956937799043065
4.2956937799043065
4.2956937799043065
4.2956937799043065
4.2956937799043065
4.2956937799043065
4.549920255183413
4.549920255183413
4.549920255183413
4.549920255183413
4.549920255183413
4.549920255183413
4.549920255183413
4.549920255183413
4.549920255183413
4.549920255183413
4.549920255183413
4.549920255183413
4.549920255183413
4.549920255183413
4.549920255183413
4.75311004784689
4.75311004784689
4.75311004784689
4.75311004784689
4.75311004784689
4.75311004784689
4.75311004784689
4.75311004784689
4.75311004784689
4.75311004784689
4.75311004784689
4.75311004784689
4.75311004784689
4.75311004784689
4.75311004784689
4.75311004784689
4.75311004784689
4.75311004784689
4.75311004784689
4.75311004784689
4.75311004784689
4.75311004784689
4.75311004784689
4.75311004784689
4.75311004784689
4.75311004784689
4.75311004784689
4.75311004784689
4.75311004784689
4.75311004784689
4.75311004784689
4.75311004784689
4.75311004784689
4.75311004784689
4.75311004784689
4.75311004784689
4.75311004784689
4.75311004784689
4.75311004784689
4.75311004784689
4.75311004784689
4.75311004784689
4.75311004784689
4.75311004784689
4.75311004784689
4.9585326953748
4.9585326953748
4.9585326953748
4.9585326953748
4.9585326953748
4.9585326953748
4.9585326953748
4.9585326953748
4.9585326953748
4.9585326953748
4.9585326953748
4.9585326953748
4.9585326953748
4.9585326953748
4.9585326953748
4.9585326953748
4.9585326953748
4.9585326953748
4.9585326953748
4.9585326953748
4.9585326953748
4.9585326953748
4.9585326953748
4.9585326953748
4.9585326953748
4.9585326953748
4.9585326953748
4.9585326953748
4.9585326953748
4.9585326953748
4.9585326953748
4.9585326953748
4.9585326953748
4.9585326953748
4.9585326953748
4.9585326953748
4.9585326953748
4.9585326953748
4.9585326953748
4.9585326953748
4.9585326953748
4.9585326953748
4.9585326953748
4.9585326953748
4.9585326953748
4.9585326953748
4.9585326953748
4.9585326953748
4.9585326953748
4.9585326953748
4.9585326953748
4.9585326953748
4.9585326953748
4.9585326953748
4.9585326953748
4.9585326953748
4.9585326953748
4.9585326953748
4.9585326953748
4.9585326953748
4.9585326953748
4.9585326953748
4.9585326953748
4.9585326953748
4.9585326953748
4.9585326953748
4.9585326953748
4.9585326953748
4.9585326953748
4.9585326953748
4.9585326953748
4.9585326953748
4.9585326953748
4.9585326953748
4.9585326953748
4.9585326953748
4.9585326953748
4.9585326953748
4.9585326953748
4.9585326953748
4.9585326953748
4.9585326953748
4.9585326953748
4.9585326953748
4.9585326953748
4.9585326953748
4.9585326953748
4.9585326953748
4.9585326953748
4.9585326953748
5.150132908027645
5.150132908027645
5.150132908027645
5.150132908027645
5.150132908027645
5.150132908027645
5.150132908027645
5.150132908027645
5.150132908027645
5.150132908027645
5.150132908027645
5.150132908027645
5.150132908027645
5.150132908027645
5.150132908027645
5.150132908027645
5.150132908027645
5.150132908027645
5.150132908027645
5.150132908027645
5.150132908027645
5.150132908027645
5.150132908027645
5.150132908027645
5.150132908027645
5.150132908027645
5.150132908027645
5.150132908027645
5.150132908027645
5.150132908027645
5.150132908027645
5.150132908027645
5.150132908027645
5.150132908027645
5.150132908027645
5.150132908027645
5.150132908027645
5.150132908027645
5.150132908027645
5.150132908027645
5.150132908027645
5.150132908027645
5.150132908027645
5.150132908027645
5.150132908027645
5.319829877724614
5.319829877724614
5.319829877724614
5.319829877724614
5.319829877724614
5.319829877724614
5.319829877724614
5.319829877724614
5.319829877724614
5.319829877724614
5.319829877724614
5.319829877724614
5.319829877724614
5.319829877724614
5.319829877724614
5.486762360446571
5.486762360446571
5.486762360446571
5.486762360446571
5.486762360446571
5.486762360446571
5.486762360446571
5.486762360446571
5.486762360446571
5.486762360446571
5.486762360446571
5.486762360446571
5.486762360446571
5.486762360446571
5.486762360446571
5.486762360446571
5.486762360446571
5.486762360446571
5.486762360446571
5.486762360446571
5.486762360446571
5.486762360446571
5.486762360446571
5.486762360446571
5.486762360446571
5.486762360446571
5.486762360446571
5.486762360446571
5.486762360446571
5.486762360446571
5.486762360446571
5.486762360446571
5.486762360446571
5.486762360446571
5.486762360446571
5.486762360446571
5.486762360446571
5.486762360446571
5.486762360446571
5.486762360446571
5.486762360446571
5.486762360446571
5.486762360446571
5.486762360446571
5.486762360446571
5.486762360446571
5.486762360446571
5.486762360446571
5.486762360446571
5.486762360446571
5.486762360446571
5.486762360446571
5.486762360446571
5.486762360446571
5.486762360446571
5.486762360446571
5.486762360446571
5.486762360446571
5.486762360446571
5.486762360446571
5.5353535353535355
5.5353535353535355
5.5353535353535355
5.5353535353535355
5.5353535353535355
5.5353535353535355
5.5353535353535355
5.5353535353535355
5.5353535353535355
5.5353535353535355
5.5353535353535355
5.5353535353535355
5.5353535353535355
5.5353535353535355
5.5353535353535355
5.600956937799043
5.600956937799043
5.600956937799043
5.600956937799043
5.600956937799043
5.600956937799043
5.600956937799043
5.600956937799043
5.600956937799043
5.600956937799043
5.600956937799043
5.600956937799043
5.600956937799043
5.600956937799043
5.600956937799043
5.637852206273259
5.637852206273259
5.637852206273259
5.637852206273259
5.637852206273259
5.637852206273259
5.637852206273259
5.637852206273259
5.637852206273259
5.637852206273259
5.637852206273259
5.637852206273259
5.637852206273259
5.637852206273259
5.637852206273259
5.675172780435938
5.675172780435938
5.675172780435938
5.675172780435938
5.675172780435938
5.675172780435938
5.675172780435938
5.675172780435938
5.675172780435938
5.675172780435938
5.675172780435938
5.675172780435938
5.675172780435938
5.675172780435938
5.675172780435938
5.69792663476874
5.69792663476874
5.69792663476874
5.69792663476874
5.69792663476874
5.69792663476874
5.69792663476874
5.69792663476874
5.69792663476874
5.69792663476874
5.69792663476874
5.69792663476874
5.69792663476874
5.69792663476874
5.69792663476874
5.69792663476874
5.69792663476874
5.69792663476874
5.69792663476874
5.69792663476874
5.69792663476874
5.69792663476874
5.69792663476874
5.69792663476874
5.69792663476874
5.69792663476874
5.69792663476874
5.69792663476874
5.69792663476874
5.69792663476874
5.702392344497608
5.702392344497608
5.702392344497608
5.702392344497608
5.702392344497608
5.702392344497608
5.702392344497608
5.702392344497608
5.702392344497608
5.702392344497608
5.702392344497608
5.702392344497608
5.702392344497608
5.702392344497608
5.702392344497608
5.702392344497608
5.702392344497608
5.702392344497608
5.702392344497608
5.702392344497608
5.702392344497608
5.702392344497608
5.702392344497608
5.702392344497608
5.702392344497608
5.702392344497608
5.702392344497608
5.702392344497608
5.702392344497608
5.702392344497608
5.702392344497608
5.702392344497608
5.702392344497608
5.702392344497608
5.702392344497608
5.702392344497608
5.702392344497608
5.702392344497608
5.702392344497608
5.702392344497608
5.702392344497608
5.702392344497608
5.702392344497608
5.702392344497608
5.702392344497608
5.708240297713982
5.708240297713982
5.708240297713982
5.708240297713982
5.708240297713982
5.708240297713982
5.708240297713982
5.708240297713982
5.708240297713982
5.708240297713982
5.708240297713982
5.708240297713982
5.708240297713982
5.708240297713982
5.708240297713982
5.714088250930356
5.714088250930356
5.714088250930356
5.714088250930356
5.714088250930356
5.714088250930356
5.714088250930356
5.714088250930356
5.714088250930356
5.714088250930356
5.714088250930356
5.714088250930356
5.714088250930356
5.714088250930356
5.714088250930356
5.714088250930356
5.714088250930356
5.714088250930356
5.714088250930356
5.714088250930356
5.714088250930356
5.714088250930356
5.714088250930356
5.714088250930356
5.714088250930356
5.714088250930356
5.714088250930356
5.714088250930356
5.714088250930356
5.714088250930356
5.719829877724615
5.719829877724615
5.719829877724615
5.719829877724615
5.719829877724615
5.719829877724615
5.719829877724615
5.719829877724615
5.719829877724615
5.719829877724615
5.719829877724615
5.719829877724615
5.719829877724615
5.719829877724615
5.719829877724615
5.719829877724615
5.719829877724615
5.719829877724615
5.719829877724615
5.719829877724615
5.719829877724615
5.719829877724615
5.719829877724615
5.719829877724615
5.719829877724615
5.719829877724615
5.719829877724615
5.719829877724615
5.719829877724615
5.719829877724615
5.723019670388092
5.723019670388092
5.723019670388092
5.723019670388092
5.723019670388092
5.723019670388092
5.723019670388092
5.723019670388092
5.723019670388092
5.723019670388092
5.723019670388092
5.723019670388092
5.723019670388092
5.723019670388092
5.723019670388092
5.707283359914939
5.707283359914939
5.707283359914939
5.707283359914939
5.707283359914939
5.707283359914939
5.707283359914939
5.707283359914939
5.707283359914939
5.707283359914939
5.707283359914939
5.707283359914939
5.707283359914939
5.707283359914939
5.707283359914939
5.713662945241893
5.713662945241893
5.713662945241893
5.713662945241893
5.713662945241893
5.713662945241893
5.713662945241893
5.713662945241893
5.713662945241893
5.713662945241893
5.713662945241893
5.713662945241893
5.713662945241893
5.713662945241893
5.713662945241893
5.7248272195640615
5.7248272195640615
5.7248272195640615
5.7248272195640615
5.7248272195640615
5.7248272195640615
5.7248272195640615
5.7248272195640615
5.7248272195640615
5.7248272195640615
5.7248272195640615
5.7248272195640615
5.7248272195640615
5.7248272195640615
5.7248272195640615
5.743753322700691
5.743753322700691
5.743753322700691
5.743753322700691
5.743753322700691
5.743753322700691
5.743753322700691
5.743753322700691
5.743753322700691
5.743753322700691
5.743753322700691
5.743753322700691
5.743753322700691
5.743753322700691
5.743753322700691
5.751621477937268
5.751621477937268
5.751621477937268
5.751621477937268
5.751621477937268
5.751621477937268
5.751621477937268
5.751621477937268
5.751621477937268
5.751621477937268
5.751621477937268
5.751621477937268
5.751621477937268
5.751621477937268
5.751621477937268
5.75491759702286
5.75491759702286
5.75491759702286
5.75491759702286
5.75491759702286
5.75491759702286
5.75491759702286
5.75491759702286
5.75491759702286
5.75491759702286
5.75491759702286
5.75491759702286
5.75491759702286
5.75491759702286
5.75491759702286
5.75491759702286
5.75491759702286
5.75491759702286
5.75491759702286
5.75491759702286
5.75491759702286
5.75491759702286
5.75491759702286
5.75491759702286
5.75491759702286
5.75491759702286
5.75491759702286
5.75491759702286
5.75491759702286
5.75491759702286
5.75491759702286
5.75491759702286
5.75491759702286
5.75491759702286
5.75491759702286
5.75491759702286
5.75491759702286
5.75491759702286
5.75491759702286
5.75491759702286
5.75491759702286
5.75491759702286
5.75491759702286
5.75491759702286
5.75491759702286
5.7619351408825095
5.7619351408825095
5.7619351408825095
5.7619351408825095
5.7619351408825095
5.7619351408825095
5.7619351408825095
5.7619351408825095
5.7619351408825095
5.7619351408825095
5.7619351408825095
5.7619351408825095
5.7619351408825095
5.7619351408825095
5.7619351408825095
5.767251461988304
5.767251461988304
5.767251461988304
5.767251461988304
5.767251461988304
5.767251461988304
5.767251461988304
5.767251461988304
5.767251461988304
5.767251461988304
5.767251461988304
5.767251461988304
5.767251461988304
5.767251461988304
5.767251461988304
5.770653907496013
5.770653907496013
5.770653907496013
5.770653907496013
5.770653907496013
5.770653907496013
5.770653907496013
5.770653907496013
5.770653907496013
5.770653907496013
5.770653907496013
5.770653907496013
5.770653907496013
5.770653907496013
5.770653907496013
5.7760765550239235
5.7760765550239235
5.7760765550239235
5.7760765550239235
5.7760765550239235
5.7760765550239235
5.7760765550239235
5.7760765550239235
5.7760765550239235
5.7760765550239235
5.7760765550239235
5.7760765550239235
5.7760765550239235
5.7760765550239235
5.7760765550239235
5.783519404572036
5.783519404572036
5.783519404572036
5.783519404572036
5.783519404572036
5.783519404572036
5.783519404572036
5.783519404572036
5.783519404572036
5.783519404572036
5.783519404572036
5.783519404572036
5.783519404572036
5.783519404572036
5.783519404572036
5.783519404572036
5.783519404572036
5.783519404572036
5.783519404572036
5.783519404572036
5.783519404572036
5.783519404572036
5.783519404572036
5.783519404572036
5.783519404572036
5.783519404572036
5.783519404572036
5.783519404572036
5.783519404572036
5.783519404572036
5.783519404572036
5.783519404572036
5.783519404572036
5.783519404572036
5.783519404572036
5.783519404572036
5.783519404572036
5.783519404572036
5.783519404572036
5.783519404572036
5.783519404572036
5.783519404572036
5.783519404572036
5.783519404572036
5.783519404572036
5.7902179691653375
5.7902179691653375
5.7902179691653375
5.7902179691653375
5.7902179691653375
5.7902179691653375
5.7902179691653375
5.7902179691653375
5.7902179691653375
5.7902179691653375
5.7902179691653375
5.7902179691653375
5.7902179691653375
5.7902179691653375
5.7902179691653375
5.7902179691653375
5.7902179691653375
5.7902179691653375
5.7902179691653375
5.7902179691653375
5.7902179691653375
5.7902179691653375
5.7902179691653375
5.7902179691653375
5.7902179691653375
5.7902179691653375
5.7902179691653375
5.7902179691653375
5.7902179691653375
5.7902179691653375
5.7902179691653375
5.7902179691653375
5.7902179691653375
5.7902179691653375
5.7902179691653375
5.7902179691653375
5.7902179691653375
5.7902179691653375
5.7902179691653375
5.7902179691653375
5.7902179691653375
5.7902179691653375
5.7902179691653375
5.7902179691653375
5.7902179691653375
5.7923444976076555
5.7923444976076555
5.7923444976076555
5.7923444976076555
5.7923444976076555
5.7923444976076555
5.7923444976076555
5.7923444976076555
5.7923444976076555
5.7923444976076555
5.7923444976076555
5.7923444976076555
5.7923444976076555
5.7923444976076555
5.7923444976076555
5.795108984582669
5.795108984582669
5.795108984582669
5.795108984582669
5.795108984582669
5.795108984582669
5.795108984582669
5.795108984582669
5.795108984582669
5.795108984582669
5.795108984582669
5.795108984582669
5.795108984582669
5.795108984582669
5.795108984582669
5.795108984582669
5.795108984582669
5.795108984582669
5.795108984582669
5.795108984582669
5.795108984582669
5.795108984582669
5.795108984582669
5.795108984582669
5.795108984582669
5.795108984582669
5.795108984582669
5.795108984582669
5.795108984582669
5.795108984582669
5.795108984582669
5.795108984582669
5.795108984582669
5.795108984582669
5.795108984582669
5.795108984582669
5.795108984582669
5.795108984582669
5.795108984582669
5.795108984582669
5.795108984582669
5.795108984582669
5.795108984582669
5.795108984582669
5.795108984582669
5.795108984582669
5.795108984582669
5.795108984582669
5.795108984582669
5.795108984582669
5.795108984582669
5.795108984582669
5.795108984582669
5.795108984582669
5.795108984582669
5.795108984582669
5.795108984582669
5.795108984582669
5.795108984582669
5.795108984582669
5.796810207336523
5.796810207336523
5.796810207336523
5.796810207336523
5.796810207336523
5.796810207336523
5.796810207336523
5.796810207336523
5.796810207336523
5.796810207336523
5.796810207336523
5.796810207336523
5.796810207336523
5.796810207336523
5.796810207336523
5.8011695906432745
5.8011695906432745
5.8011695906432745
5.8011695906432745
5.8011695906432745
5.8011695906432745
5.8011695906432745
5.8011695906432745
5.8011695906432745
5.8011695906432745
5.8011695906432745
5.8011695906432745
5.8011695906432745
5.8011695906432745
5.8011695906432745
5.803189792663477
5.803189792663477
5.803189792663477
5.803189792663477
5.803189792663477
5.803189792663477
5.803189792663477
5.803189792663477
5.803189792663477
5.803189792663477
5.803189792663477
5.803189792663477
5.803189792663477
5.803189792663477
5.803189792663477
5.8054226475279105
5.8054226475279105
5.8054226475279105
5.8054226475279105
5.8054226475279105
5.8054226475279105
5.8054226475279105
5.8054226475279105
5.8054226475279105
5.8054226475279105
5.8054226475279105
5.8054226475279105
5.8054226475279105
5.8054226475279105
5.81477937267411
5.81477937267411
5.81477937267411
5.81477937267411
5.81477937267411
5.81477937267411
5.81477937267411
5.81477937267411
5.81477937267411
5.81477937267411
5.81477937267411
5.81477937267411
5.81477937267411
5.81477937267411
5.81477937267411
5.822647527910686
5.822647527910686
5.822647527910686
5.822647527910686
5.822647527910686
5.822647527910686
5.822647527910686
5.822647527910686
5.822647527910686
5.822647527910686
5.822647527910686
5.822647527910686
5.822647527910686
5.822647527910686
5.822647527910686
5.830409356725146
5.830409356725146
5.830409356725146
5.830409356725146
5.830409356725146
5.830409356725146
5.830409356725146
5.830409356725146
5.830409356725146
5.830409356725146
5.830409356725146
5.830409356725146
5.830409356725146
5.830409356725146
5.830409356725146
5.830409356725146
5.830409356725146
5.830409356725146
5.830409356725146
5.830409356725146
5.830409356725146
5.830409356725146
5.830409356725146
5.830409356725146
5.830409356725146
5.830409356725146
5.830409356725146
5.830409356725146
5.830409356725146
5.830409356725146
5.836044657097289
5.836044657097289
5.836044657097289
5.836044657097289
5.836044657097289
5.836044657097289
5.836044657097289
5.836044657097289
5.836044657097289
5.836044657097289
5.836044657097289
5.836044657097289
5.836044657097289
5.836044657097289
5.836044657097289
5.836044657097289
5.836044657097289
5.836044657097289
5.836044657097289
5.836044657097289
5.836044657097289
5.836044657097289
5.836044657097289
5.836044657097289
5.836044657097289
5.836044657097289
5.836044657097289
5.836044657097289
5.836044657097289
5.836044657097289
5.840297713981925
5.840297713981925
5.840297713981925
5.840297713981925
5.840297713981925
5.840297713981925
5.840297713981925
5.840297713981925
5.840297713981925
5.840297713981925
5.840297713981925
5.840297713981925
5.840297713981925
5.840297713981925
5.840297713981925
5.855715045188729
5.855715045188729
5.855715045188729
5.855715045188729
5.855715045188729
5.855715045188729
5.855715045188729
5.855715045188729
5.855715045188729
5.855715045188729
5.855715045188729
5.855715045188729
5.855715045188729
5.855715045188729
5.855715045188729
5.858904837852206
5.858904837852206
5.858904837852206
5.858904837852206
5.858904837852206
5.858904837852206
5.858904837852206
5.858904837852206
5.858904837852206
5.858904837852206
5.858904837852206
5.858904837852206
5.858904837852206
5.858904837852206
5.858904837852206
5.86347687400319
5.86347687400319
5.86347687400319
5.86347687400319
5.86347687400319
5.86347687400319
5.86347687400319
5.86347687400319
5.86347687400319
5.86347687400319
5.86347687400319
5.86347687400319
5.86347687400319
5.86347687400319
5.86347687400319
5.874641148325359
5.874641148325359
5.874641148325359
5.874641148325359
5.874641148325359
5.874641148325359
5.874641148325359
5.874641148325359
5.874641148325359
5.874641148325359
5.874641148325359
5.874641148325359
5.874641148325359
5.874641148325359
5.874641148325359
5.88240297713982
5.88240297713982
5.88240297713982
5.88240297713982
5.88240297713982
5.88240297713982
5.88240297713982
5.88240297713982
5.88240297713982
5.88240297713982
5.88240297713982
5.88240297713982
5.88240297713982
5.88240297713982
5.88240297713982
5.88240297713982
5.88240297713982
5.88240297713982
5.88240297713982
5.88240297713982
5.88240297713982
5.88240297713982
5.88240297713982
5.88240297713982
5.88240297713982
5.88240297713982
5.88240297713982
5.88240297713982
5.88240297713982
5.88240297713982
5.88240297713982
5.88240297713982
5.88240297713982
5.88240297713982
5.88240297713982
5.88240297713982
5.88240297713982
5.88240297713982
5.88240297713982
5.88240297713982
5.88240297713982
5.88240297713982
5.88240297713982
5.88240297713982
5.88240297713982
5.88240297713982
5.88240297713982
5.88240297713982
5.88240297713982
5.88240297713982
5.88240297713982
5.88240297713982
5.88240297713982
5.88240297713982
5.88240297713982
5.88240297713982
5.88240297713982
5.88240297713982
5.88240297713982
5.88240297713982
5.873684210526315
5.873684210526315
5.873684210526315
5.873684210526315
5.873684210526315
5.873684210526315
5.873684210526315
5.873684210526315
5.873684210526315
5.873684210526315
5.873684210526315
5.873684210526315
5.873684210526315
5.873684210526315
5.873684210526315
5.904306220095694
5.904306220095694
5.904306220095694
5.904306220095694
5.904306220095694
5.904306220095694
5.904306220095694
5.904306220095694
5.904306220095694
5.904306220095694
5.904306220095694
5.904306220095694
5.904306220095694
5.904306220095694
5.904306220095694
5.920042530568846
5.920042530568846
5.920042530568846
5.920042530568846
5.920042530568846
5.920042530568846
5.920042530568846
5.920042530568846
5.920042530568846
5.920042530568846
5.920042530568846
5.920042530568846
5.920042530568846
5.920042530568846
5.920042530568846
5.920042530568846
5.920042530568846
5.920042530568846
5.920042530568846
5.920042530568846
5.920042530568846
5.920042530568846
5.920042530568846
5.920042530568846
5.920042530568846
5.920042530568846
5.920042530568846
5.920042530568846
5.920042530568846
5.920042530568846
5.920042530568846
5.920042530568846
5.920042530568846
5.920042530568846
5.920042530568846
5.920042530568846
5.920042530568846
5.920042530568846
5.920042530568846
5.920042530568846
5.920042530568846
5.920042530568846
5.920042530568846
5.920042530568846
5.920042530568846
5.92461456671983
5.92461456671983
5.92461456671983
5.92461456671983
5.92461456671983
5.92461456671983
5.92461456671983
5.92461456671983
5.92461456671983
5.92461456671983
5.92461456671983
5.92461456671983
5.92461456671983
5.92461456671983
5.92461456671983
5.92461456671983
5.92461456671983
5.92461456671983
5.92461456671983
5.92461456671983
5.92461456671983
5.92461456671983
5.92461456671983
5.92461456671983
5.92461456671983
5.92461456671983
5.92461456671983
5.92461456671983
5.92461456671983
5.92461456671983
5.92461456671983
5.92461456671983
5.92461456671983
5.92461456671983
5.92461456671983
5.92461456671983
5.92461456671983
5.92461456671983
5.92461456671983
5.92461456671983
5.92461456671983
5.92461456671983
5.92461456671983
5.92461456671983
5.92461456671983
5.92461456671983
5.92461456671983
5.92461456671983
5.92461456671983
5.92461456671983
5.92461456671983
5.92461456671983
5.92461456671983
5.92461456671983
5.92461456671983
5.92461456671983
5.92461456671983
5.92461456671983
