x,y
17.0,169.0
17.0,169.0
17.0,169.0
17.0,169.0
17.0,169.0
17.0,169.0
17.0,169.0
17.0,169.0
17.0,169.0
17.0,169.0
17.0,169.0
17.0,169.0
17.0,169.0
17.0,169.0
17.0,169.0
17.0,169.0
17.0,169.0
17.0,169.0
17.0,169.0
17.0,169.0
17.0,169.0
17.0,169.0
17.0,169.0
17.0,169.0
17.0,169.0
17.0,169.0
17.0,169.0
17.0,169.0
17.0,169.0
17.0,169.0
17.0,169.0
17.0,169.0
17.0,169.0
17.0,169.0
17.0,169.0
17.0,169.0
17.0,169.0
17.0,169.0
17.0,169.0
17.0,169.0
17.0,169.0
17.0,169.0
17.0,169.0
17.0,169.0
17.0,169.0
17.0,169.0
17.0,169.0
17.0,169.0
17.0,169.0
17.0,169.0
17.0,169.0
17.0,169.0
17.0,169.0
17.0,169.0
17.0,169.0
17.0,169.0
17.0,169.0
17.0,169.0
17.0,169.0
17.0,169.0
17.0,169.0
17.0,169.0
17.0,169.0
17.0,169.0
17.0,169.0
17.0,169.0
17.0,169.0
17.0,169.0
17.0,169.0
17.0,169.0
17.0,169.0
17.0,169.0
17.0,169.0
17.0,169.0
17.0,169.0
17.0,169.0
17.0,169.0
17.0,169.0
17.0,169.0
17.0,169.0
17.0,169.0
17.0,169.0
17.0,169.0
17.0,169.0
17.0,169.0
17.0,169.0
17.0,169.0
17.0,169.0
17.0,169.0
17.0,169.0
17.0,169.0
17.0,169.0
17.0,169.0
17.0,169.0
17.0,169.0
17.0,169.0
17.0,169.0
18.0,169.0
18.0,169.0
18.0,169.0
18.0,169.0
19.0,170.0
19.0,170.0
19.0,170.0
19.0,170.0
19.0,170.0
20.0,170.0
20.0,170.0
20.0,170.0
21.0,170.0
21.0,170.0
22.0,170.0
22.0,170.0
22.0,170.0
23.0,170.0
23.0,170.0
24.0,170.0
24.0,170.0
25.0,170.0
25.0,170.0
25.0,170.0
26.0,170.0
26.0,170.0
26.0,170.0
26.0,170.0
26.0,169.0
27.0,169.0
27.0,169.0
28.0,169.0
28.0,169.0
29.0,169.0
29.0,168.0
29.0,168.0
33.0,176.0
34.0,175.0
34.0,175.0
35.0,175.0
35.0,175.0
35.0,174.0
36.0,174.0
36.0,174.0
37.0,174.0
37.0,174.0
38.0,173.0
38.0,173.0
38.0,173.0
39.0,173.0
39.0,172.0
40.0,172.0
40.0,172.0
40.0,172.0
41.0,172.0
41.0,172.0
42.0,171.0
42.0,171.0
42.0,171.0
43.0,171.0
43.0,171.0
44.0,171.0
44.0,170.0
45.0,170.0
45.0,170.0
45.0,170.0
71.0,175.0
72.0,175.0
72.0,175.0
72.0,175.0
73.0,175.0
73.0,174.0
74.0,174.0
74.0,174.0
74.0,174.0
75.0,174.0
76.0,174.0
76.0,174.0
76.0,174.0
77.0,173.0
78.0,173.0
78.0,185.0
78.0,185.0
79.0,185.0
80.0,185.0
80.0,185.0
80.0,185.0
81.0,185.0
81.0,184.0
82.0,184.0
82.0,184.0
82.0,184.0
83.0,184.0
83.0,184.0
83.0,184.0
84.0,184.0
84.0,183.0
84.0,183.0
85.0,183.0
85.0,183.0
86.0,183.0
86.0,183.0
86.0,182.0
87.0,182.0
87.0,182.0
88.0,182.0
88.0,182.0
88.0,181.0
89.0,181.0
89.0,181.0
89.0,181.0
89.0,181.0
90.0,181.0
91.0,180.0
91.0,180.0
91.0,180.0
92.0,180.0
92.0,180.0
93.0,179.0
93.0,179.0
93.0,179.0
94.0,179.0
94.0,179.0
95.0,179.0
95.0,179.0
95.0,179.0
96.0,178.0
97.0,178.0
97.0,178.0
97.0,178.0
98.0,178.0
98.0,178.0
98.0,178.0
99.0,178.0
100.0,177.0
100.0,177.0
100.0,177.0
101.0,177.0
101.0,177.0
102.0,177.0
102.0,177.0
103.0,177.0
103.0,177.0
104.0,177.0
104.0,177.0
104.0,177.0
105.0,177.0
105.0,177.0
106.0,177.0
106.0,176.0
106.0,176.0
107.0,176.0
107.0,176.0
107.0,176.0
107.0,176.0
107.0,176.0
108.0,176.0
108.0,176.0
108.0,176.0
109.0,176.0
110.0,177.0
110.0,177.0
110.0,177.0
111.0,177.0
111.0,177.0
112.0,177.0
112.0,177.0
113.0,177.0
113.0,177.0
114.0,177.0
114.0,177.0
115.0,195.0
115.0,195.0
116.0,195.0
116.0,195.0
116.0,196.0
117.0,196.0
117.0,195.0
118.0,195.0
118.0,195.0
119.0,195.0
119.0,195.0
119.0,195.0
119.0,195.0
120.0,195.0
120.0,195.0
120.0,202.0
121.0,202.0
121.0,202.0
122.0,201.0
122.0,201.0
122.0,201.0
123.0,201.0
123.0,200.0
124.0,200.0
124.0,200.0
124.0,200.0
124.0,200.0
125.0,200.0
125.0,199.0
125.0,199.0
126.0,199.0
126.0,199.0
126.0,198.0
127.0,198.0
127.0,198.0
128.0,197.0
128.0,197.0
128.0,197.0
129.0,197.0
129.0,197.0
129.0,197.0
130.0,196.0
130.0,196.0
131.0,196.0
131.0,196.0
131.0,196.0
132.0,196.0
132.0,196.0
133.0,196.0
133.0,195.0
133.0,195.0
134.0,195.0
134.0,195.0
135.0,195.0
135.0,195.0
136.0,195.0
136.0,195.0
137.0,195.0
137.0,195.0
138.0,194.0
138.0,194.0
138.0,194.0
139.0,194.0
140.0,194.0
140.0,194.0
140.0,194.0
141.0,194.0
141.0,194.0
142.0,194.0
142.0,193.0
142.0,193.0
143.0,193.0
143.0,193.0
144.0,193.0
144.0,193.0
145.0,193.0
145.0,193.0
146.0,193.0
146.0,193.0
146.0,193.0
147.0,193.0
147.0,193.0
148.0,193.0
148.0,193.0
149.0,193.0
149.0,193.0
150.0,193.0
150.0,193.0
150.0,193.0
151.0,193.0
152.0,227.0
152.0,227.0
152.0,227.0
153.0,226.0
153.0,226.0
153.0,226.0
153.0,226.0
154.0,226.0
154.0,226.0
155.0,226.0
155.0,226.0
156.0,226.0
156.0,226.0
157.0,226.0
157.0,226.0
158.0,227.0
158.0,227.0
159.0,227.0
159.0,227.0
159.0,227.0
160.0,227.0
160.0,227.0
161.0,227.0
161.0,227.0
162.0,227.0
162.0,227.0
162.0,227.0
163.0,227.0
164.0,227.0
164.0,227.0
164.0,227.0
165.0,227.0
165.0,227.0
166.0,227.0
166.0,227.0
167.0,226.0
167.0,226.0
168.0,226.0
168.0,226.0
168.0,226.0
169.0,226.0
169.0,226.0
170.0,226.0
170.0,226.0
170.0,226.0
170.0,226.0
170.0,226.0
170.0,226.0
170.0,226.0
170.0,226.0
170.0,226.0
170.0,226.0
170.0,226.0
169.0,226.0
169.0,226.0
169.0,226.0
169.0,226.0
169.0,226.0
169.0,225.0
169.0,225.0
169.0,225.0
169.0,225.0
169.0,225.0
169.0,225.0
169.0,225.0
169.0,225.0
169.0,225.0
169.0,225.0
169.0,225.0
169.0,225.0
169.0,225.0
169.0,224.0
169.0,224.0
169.0,224.0
169.0,224.0
169.0,224.0
169.0,224.0
169.0,224.0
169.0,224.0
169.0,224.0
169.0,224.0
169.0,224.0
169.0,224.0
169.0,224.0
169.0,224.0
169.0,224.0
169.0,224.0
168.0,224.0
168.0,224.0
168.0,224.0
168.0,231.0
168.0,231.0
168.0,231.0
168.0,231.0
168.0,231.0
167.0,231.0
167.0,231.0
167.0,231.0
167.0,231.0
167.0,231.0
167.0,231.0
167.0,231.0
167.0,231.0
167.0,231.0
167.0,231.0
167.0,230.0
167.0,230.0
168.0,230.0
168.0,230.0
168.0,229.0
168.0,229.0
168.0,229.0
169.0,228.0
169.0,228.0
169.0,227.0
169.0,227.0
169.0,227.0
170.0,226.0
170.0,226.0
170.0,226.0
170.0,225.0
171.0,225.0
171.0,224.0
171.0,224.0
171.0,224.0
172.0,223.0
172.0,223.0
172.0,223.0
172.0,222.0
173.0,222.0
173.0,222.0
173.0,222.0
173.0,221.0
174.0,221.0
174.0,221.0
175.0,221.0
175.0,220.0
175.0,220.0
175.0,220.0
176.0,220.0
176.0,220.0
176.0,219.0
177.0,219.0
177.0,219.0
178.0,218.0
178.0,218.0
179.0,218.0
179.0,217.0
179.0,217.0
180.0,217.0
180.0,217.0
180.0,216.0
181.0,216.0
181.0,216.0
181.0,216.0
182.0,215.0
182.0,215.0
183.0,215.0
183.0,214.0
183.0,214.0
184.0,214.0
184.0,214.0
184.0,213.0
185.0,213.0
185.0,213.0
185.0,279.0
186.0,279.0
186.0,279.0
186.0,278.0
187.0,278.0
187.0,278.0
187.0,278.0
188.0,277.0
188.0,277.0
188.0,277.0
188.0,276.0
189.0,276.0
189.0,275.0
189.0,275.0
189.0,275.0
190.0,276.0
190.0,276.0
190.0,276.0
191.0,275.0
191.0,275.0
191.0,274.0
192.0,274.0
192.0,274.0
192.0,274.0
192.0,273.0
193.0,273.0
193.0,273.0
193.0,272.0
194.0,272.0
194.0,271.0
194.0,271.0
194.0,271.0
195.0,270.0
195.0,270.0
195.0,270.0
196.0,270.0
196.0,269.0
196.0,269.0
196.0,269.0
197.0,268.0
197.0,268.0
198.0,268.0
198.0,267.0
198.0,267.0
198.0,267.0
199.0,266.0
199.0,266.0
199.0,266.0
200.0,266.0
200.0,265.0
200.0,265.0
201.0,265.0
201.0,264.0
201.0,264.0
202.0,264.0
202.0,264.0
202.0,263.0
203.0,263.0
203.0,262.0
203.0,262.0
204.0,262.0
204.0,262.0
205.0,261.0
205.0,261.0
205.0,261.0
206.0,260.0
206.0,260.0
206.0,260.0
206.0,260.0
207.0,259.0
207.0,259.0
207.0,258.0
207.0,258.0
208.0,258.0
208.0,257.0
208.0,257.0
208.0,257.0
209.0,256.0
209.0,256.0
209.0,255.0
210.0,255.0
210.0,255.0
210.0,254.0
211.0,254.0
211.0,254.0
211.0,253.0
211.0,253.0
212.0,252.0
212.0,252.0
212.0,252.0
213.0,251.0
213.0,251.0
213.0,251.0
213.0,250.0
214.0,250.0
214.0,250.0
214.0,249.0
215.0,249.0
215.0,249.0
215.0,248.0
215.0,248.0
215.0,248.0
216.0,247.0
216.0,247.0
216.0,247.0
216.0,247.0
216.0,247.0
216.0,246.0
216.0,246.0
216.0,246.0
216.0,246.0
216.0,246.0
216.0,246.0
216.0,247.0
216.0,247.0
216.0,247.0
215.0,247.0
215.0,247.0
215.0,247.0
215.0,247.0
215.0,247.0
215.0,247.0
214.0,247.0
214.0,247.0
214.0,247.0
214.0,247.0
214.0,247.0
213.0,247.0
213.0,247.0
213.0,247.0
213.0,247.0
213.0,247.0
213.0,246.0
212.0,246.0
212.0,246.0
212.0,246.0
212.0,246.0
212.0,246.0
212.0,246.0
212.0,245.0
212.0,245.0
211.0,245.0
211.0,245.0
211.0,245.0
211.0,245.0
211.0,244.0
211.0,244.0
211.0,244.0
211.0,244.0
211.0,244.0
211.0,243.0
211.0,243.0
211.0,243.0
211.0,243.0
211.0,243.0
211.0,243.0
212.0,243.0
212.0,243.0
212.0,243.0
212.0,242.0
212.0,242.0
212.0,242.0
212.0,242.0
212.0,242.0
212.0,242.0
212.0,242.0
212.0,242.0
212.0,242.0
212.0,242.0
212.0,242.0
212.0,242.0
212.0,242.0
212.0,242.0
212.0,242.0
212.0,242.0
212.0,242.0
212.0,242.0
212.0,242.0
212.0,242.0
212.0,242.0
212.0,242.0
212.0,242.0
212.0,242.0
212.0,242.0
212.0,242.0
212.0,242.0
212.0,242.0
212.0,242.0
212.0,242.0
212.0,242.0
212.0,242.0
212.0,242.0
212.0,242.0
212.0,242.0
212.0,242.0
212.0,242.0
212.0,242.0
212.0,242.0
212.0,242.0
212.0,242.0
212.0,242.0
212.0,242.0
212.0,242.0
212.0,242.0
212.0,242.0
212.0,242.0
212.0,242.0
212.0,242.0
212.0,242.0
212.0,242.0
212.0,242.0
212.0,242.0
212.0,242.0
212.0,242.0
212.0,242.0
212.0,242.0
212.0,242.0
212.0,242.0
212.0,242.0
212.0,242.0
212.0,242.0
212.0,242.0
212.0,242.0
212.0,242.0
212.0,242.0
212.0,242.0
212.0,242.0
212.0,242.0
212.0,242.0
212.0,242.0
212.0,242.0
212.0,242.0
212.0,242.0
212.0,241.0
212.0,241.0
212.0,241.0
212.0,241.0
212.0,241.0
212.0,242.0
212.0,242.0
212.0,241.0
212.0,241.0
212.0,241.0
212.0,241.0
212.0,241.0
212.0,241.0
212.0,241.0
212.0,241.0
212.0,241.0
212.0,242.0
212.0,241.0
212.0,241.0
212.0,241.0
212.0,241.0
212.0,241.0
212.0,242.0
212.0,242.0
211.0,242.0
211.0,242.0
211.0,243.0
211.0,243.0
211.0,243.0
210.0,243.0
210.0,244.0
210.0,244.0
209.0,244.0
209.0,244.0
209.0,245.0
208.0,245.0
208.0,245.0
207.0,245.0
207.0,246.0
207.0,246.0
206.0,246.0
206.0,246.0
206.0,247.0
205.0,247.0
205.0,247.0
205.0,248.0
204.0,248.0
204.0,248.0
204.0,248.0
204.0,249.0
203.0,249.0
203.0,249.0
202.0,249.0
203.0,249.0
202.0,250.0
202.0,250.0
201.0,250.0
201.0,250.0
201.0,250.0
200.0,251.0
200.0,251.0
199.0,251.0
199.0,251.0
199.0,252.0
198.0,252.0
198.0,252.0
197.0,252.0
197.0,252.0
196.0,253.0
196.0,253.0
196.0,253.0
195.0,253.0
195.0,254.0
194.0,254.0
194.0,254.0
193.0,254.0
193.0,254.0
192.0,255.0
192.0,255.0
192.0,255.0
191.0,255.0
191.0,256.0
190.0,256.0
190.0,256.0
190.0,256.0
189.0,257.0
189.0,257.0
188.0,257.0
188.0,257.0
187.0,258.0
187.0,258.0
187.0,258.0
186.0,258.0
186.0,258.0
185.0,259.0
185.0,259.0
185.0,259.0
184.0,259.0
184.0,260.0
183.0,260.0
183.0,260.0
183.0,260.0
182.0,260.0
182.0,260.0
181.0,261.0
181.0,261.0
181.0,261.0
181.0,261.0
180.0,261.0
180.0,261.0
179.0,261.0
179.0,261.0
179.0,261.0
178.0,261.0
178.0,261.0
177.0,261.0
177.0,261.0
177.0,261.0
176.0,261.0
176.0,261.0
175.0,261.0
175.0,260.0
174.0,260.0
174.0,260.0
173.0,260.0
173.0,260.0
172.0,260.0
172.0,260.0
172.0,260.0
171.0,260.0
171.0,260.0
170.0,260.0
170.0,259.0
169.0,259.0
169.0,259.0
168.0,259.0
168.0,259.0
167.0,259.0
167.0,259.0
166.0,259.0
166.0,259.0
165.0,259.0
165.0,259.0
165.0,259.0
164.0,259.0
164.0,259.0
163.0,259.0
163.0,259.0
163.0,258.0
162.0,258.0
162.0,258.0
162.0,258.0
161.0,258.0
161.0,258.0
160.0,258.0
160.0,258.0
160.0,258.0
159.0,258.0
159.0,258.0
158.0,258.0
158.0,258.0
158.0,258.0
157.0,258.0
157.0,258.0
156.0,258.0
156.0,258.0
155.0,258.0
155.0,258.0
155.0,258.0
154.0,258.0
154.0,258.0
154.0,259.0
153.0,259.0
152.0,259.0
152.0,259.0
151.0,259.0
151.0,259.0
151.0,259.0
150.0,259.0
150.0,260.0
149.0,260.0
149.0,260.0
149.0,260.0
149.0,260.0
148.0,260.0
148.0,260.0
147.0,261.0
147.0,261.0
146.0,261.0
146.0,261.0
145.0,261.0
145.0,261.0
145.0,261.0
144.0,262.0
144.0,262.0
143.0,262.0
143.0,262.0
142.0,262.0
142.0,262.0
142.0,263.0
141.0,263.0
141.0,263.0
140.0,263.0
140.0,263.0
139.0,263.0
139.0,263.0
139.0,263.0
138.0,263.0
138.0,263.0
138.0,263.0
137.0,263.0
137.0,263.0
136.0,263.0
136.0,263.0
135.0,263.0
135.0,263.0
134.0,263.0
134.0,263.0
134.0,263.0
133.0,263.0
133.0,263.0
132.0,263.0
132.0,263.0
131.0,263.0
131.0,263.0
130.0,263.0
130.0,263.0
129.0,263.0
129.0,263.0
128.0,263.0
128.0,263.0
127.0,263.0
127.0,263.0
126.0,263.0
126.0,263.0
125.0,263.0
125.0,263.0
124.0,263.0
124.0,263.0
124.0,263.0
123.0,263.0
123.0,263.0
123.0,263.0
123.0,263.0
122.0,263.0
122.0,263.0
121.0,263.0
121.0,263.0
121.0,263.0
121.0,263.0
121.0,263.0
120.0,263.0
120.0,263.0
120.0,263.0
120.0,263.0
119.0,263.0
119.0,263.0
119.0,263.0
119.0,262.0
119.0,262.0
118.0,262.0
118.0,262.0
118.0,262.0
118.0,262.0
118.0,262.0
117.0,262.0
117.0,262.0
117.0,262.0
117.0,262.0
117.0,262.0
117.0,261.0
116.0,261.0
116.0,261.0
116.0,261.0
116.0,261.0
116.0,261.0
116.0,261.0
115.0,261.0
115.0,261.0
115.0,260.0
115.0,260.0
115.0,260.0
115.0,260.0
114.0,260.0
114.0,260.0
114.0,260.0
114.0,260.0
114.0,260.0
114.0,259.0
114.0,259.0
113.0,259.0
113.0,259.0
113.0,259.0
113.0,259.0
113.0,259.0
113.0,259.0
113.0,259.0
113.0,259.0
112.0,258.0
112.0,258.0
112.0,258.0
111.0,258.0
111.0,258.0
111.0,258.0
111.0,258.0
111.0,258.0
111.0,258.0
111.0,258.0
111.0,258.0
111.0,258.0
111.0,258.0
111.0,258.0
111.0,258.0
111.0,258.0
111.0,258.0
111.0,257.0
110.0,257.0
110.0,257.0
110.0,257.0
109.0,257.0
108.0,257.0
108.0,257.0
108.0,256.0
107.0,256.0
107.0,256.0
106.0,256.0
106.0,256.0
106.0,256.0
105.0,256.0
105.0,256.0
105.0,255.0
104.0,255.0
104.0,255.0
103.0,255.0
103.0,255.0
103.0,255.0
103.0,255.0
102.0,255.0
102.0,256.0
102.0,256.0
102.0,256.0
101.0,256.0
101.0,256.0
102.0,256.0
102.0,256.0
102.0,256.0
101.0,256.0
101.0,256.0
101.0,256.0
101.0,256.0
101.0,256.0
101.0,256.0
101.0,256.0
101.0,256.0
101.0,256.0
101.0,256.0
101.0,256.0
101.0,256.0
101.0,256.0
101.0,256.0
101.0,256.0
101.0,256.0
101.0,256.0
101.0,256.0
101.0,256.0
101.0,256.0
100.0,256.0
100.0,255.0
100.0,255.0
99.0,255.0
99.0,255.0
99.0,255.0
98.0,255.0
98.0,255.0
98.0,255.0
98.0,255.0
99.0,255.0
99.0,255.0
99.0,255.0
99.0,255.0
99.0,255.0
99.0,255.0
99.0,255.0
99.0,255.0
98.0,254.0
99.0,255.0
99.0,255.0
99.0,255.0
99.0,255.0
99.0,255.0
99.0,255.0
99.0,254.0
98.0,254.0
98.0,254.0
98.0,254.0
98.0,253.0
98.0,253.0
98.0,253.0
98.0,252.0
98.0,252.0
97.0,252.0
97.0,252.0
97.0,251.0
97.0,251.0
97.0,251.0
97.0,251.0
97.0,250.0
97.0,250.0
96.0,249.0
96.0,249.0
96.0,249.0
96.0,248.0
96.0,248.0
96.0,247.0
95.0,247.0
95.0,247.0
95.0,246.0
95.0,246.0
95.0,246.0
95.0,245.0
94.0,245.0
94.0,244.0
94.0,244.0
94.0,244.0
94.0,243.0
93.0,243.0
93.0,242.0
93.0,242.0
93.0,242.0
93.0,241.0
92.0,241.0
92.0,241.0
92.0,240.0
92.0,240.0
91.0,239.0
91.0,239.0
91.0,239.0
91.0,238.0
91.0,238.0
90.0,237.0
90.0,237.0
90.0,237.0
90.0,237.0
90.0,236.0
89.0,236.0
89.0,236.0
89.0,235.0
88.0,235.0
88.0,235.0
88.0,235.0
87.0,234.0
87.0,234.0
87.0,234.0
86.0,233.0
86.0,233.0
86.0,233.0
85.0,233.0
85.0,233.0
84.0,232.0
84.0,232.0
84.0,232.0
83.0,232.0
83.0,231.0
82.0,231.0
82.0,231.0
82.0,231.0
81.0,231.0
81.0,230.0
80.0,230.0
80.0,230.0
80.0,230.0
79.0,230.0
79.0,229.0
79.0,229.0
78.0,229.0
78.0,229.0
77.0,229.0
77.0,229.0
76.0,229.0
76.0,228.0
75.0,228.0
75.0,228.0
75.0,228.0
74.0,228.0
74.0,228.0
73.0,228.0
73.0,228.0
72.0,228.0
72.0,228.0
72.0,228.0
71.0,228.0
71.0,228.0
70.0,228.0
70.0,228.0
70.0,228.0
69.0,228.0
69.0,228.0
69.0,228.0
69.0,228.0
68.0,228.0
68.0,228.0
68.0,228.0
68.0,228.0
68.0,228.0
68.0,228.0
68.0,228.0
68.0,228.0
68.0,228.0
68.0,228.0
67.0,228.0
67.0,228.0
67.0,228.0
67.0,228.0
67.0,228.0
67.0,228.0
67.0,228.0
67.0,228.0
67.0,228.0
67.0,228.0
67.0,228.0
66.0,227.0
66.0,227.0
66.0,227.0
66.0,227.0
66.0,227.0
66.0,227.0
66.0,227.0
66.0,227.0
66.0,227.0
66.0,227.0
66.0,227.0
66.0,227.0
66.0,227.0
66.0,227.0
66.0,227.0
66.0,227.0
66.0,227.0
66.0,227.0
66.0,227.0
66.0,227.0
66.0,227.0
66.0,227.0
66.0,227.0
66.0,227.0
66.0,228.0
66.0,228.0
67.0,228.0
67.0,228.0
67.0,228.0
67.0,229.0
67.0,229.0
67.0,229.0
67.0,229.0
67.0,230.0
67.0,230.0
67.0,230.0
67.0,230.0
67.0,230.0
67.0,230.0
67.0,230.0
67.0,229.0
67.0,229.0
67.0,229.0
67.0,229.0
67.0,230.0
67.0,230.0
67.0,230.0
67.0,230.0
67.0,231.0
66.0,231.0
66.0,231.0
66.0,231.0
66.0,232.0
66.0,232.0
65.0,232.0
65.0,233.0
65.0,233.0
65.0,233.0
64.0,233.0
64.0,234.0
64.0,234.0
63.0,234.0
63.0,234.0
63.0,234.0
63.0,234.0
63.0,234.0
63.0,234.0
63.0,234.0
63.0,234.0
63.0,235.0
63.0,235.0
62.0,235.0
62.0,235.0
63.0,235.0
63.0,235.0
63.0,235.0
63.0,235.0
63.0,235.0
62.0,234.0
62.0,234.0
62.0,234.0
62.0,234.0
62.0,234.0
62.0,234.0
62.0,234.0
62.0,234.0
62.0,234.0
61.0,234.0
61.0,234.0
61.0,234.0
61.0,234.0
61.0,234.0
62.0,234.0
61.0,234.0
61.0,234.0
61.0,234.0
61.0,234.0
61.0,234.0
61.0,234.0
61.0,234.0
61.0,234.0
61.0,234.0
61.0,234.0
61.0,234.0
61.0,234.0
61.0,234.0
61.0,234.0
61.0,234.0
61.0,234.0
61.0,234.0
61.0,234.0
61.0,234.0
61.0,234.0
61.0,234.0
60.0,234.0
60.0,234.0
60.0,234.0
60.0,234.0
60.0,234.0
60.0,234.0
60.0,234.0
60.0,234.0
60.0,234.0
60.0,234.0
60.0,234.0
60.0,234.0
60.0,234.0
59.0,234.0
59.0,234.0
59.0,234.0
59.0,234.0
58.0,234.0
58.0,234.0
58.0,234.0
58.0,234.0
57.0,234.0
57.0,234.0
57.0,234.0
57.0,234.0
57.0,234.0
57.0,234.0
57.0,234.0
57.0,234.0
57.0,234.0
57.0,234.0
57.0,234.0
56.0,234.0
56.0,234.0
56.0,234.0
56.0,234.0
56.0,234.0
56.0,234.0
56.0,234.0
56.0,234.0
56.0,234.0
56.0,234.0
56.0,234.0
56.0,234.0
56.0,234.0
56.0,234.0
56.0,234.0
56.0,234.0
56.0,234.0
56.0,234.0
56.0,234.0
56.0,234.0
56.0,234.0
56.0,234.0
56.0,234.0
56.0,234.0
56.0,234.0
56.0,234.0
56.0,234.0
56.0,234.0
56.0,234.0
56.0,234.0
56.0,234.0
56.0,234.0
56.0,234.0
56.0,234.0
56.0,234.0
56.0,234.0
56.0,234.0
55.0,234.0
55.0,234.0
55.0,234.0
55.0,234.0
55.0,234.0
55.0,234.0
55.0,234.0
55.0,234.0
55.0,234.0
55.0,234.0
56.0,234.0
56.0,234.0
55.0,234.0
55.0,234.0
55.0,234.0
54.0,234.0
54.0,234.0
54.0,235.0
54.0,235.0
53.0,235.0
53.0,235.0
53.0,235.0
53.0,235.0
53.0,235.0
52.0,235.0
52.0,235.0
52.0,235.0
52.0,235.0
52.0,235.0
52.0,235.0
52.0,235.0
52.0,235.0
51.0,236.0
51.0,236.0
51.0,236.0
51.0,236.0
51.0,236.0
51.0,236.0
51.0,236.0
51.0,236.0
50.0,236.0
50.0,236.0
50.0,236.0
50.0,236.0
49.0,236.0
49.0,236.0
49.0,236.0
48.0,236.0
48.0,236.0
47.0,236.0
47.0,236.0
47.0,236.0
46.0,236.0
46.0,236.0
45.0,236.0
45.0,236.0
45.0,236.0
44.0,236.0
44.0,236.0
43.0,236.0
43.0,236.0
43.0,236.0
42.0,236.0
42.0,236.0
42.0,236.0
41.0,236.0
41.0,236.0
41.0,236.0
41.0,236.0
41.0,236.0
41.0,236.0
40.0,237.0
40.0,237.0
40.0,237.0
40.0,236.0
40.0,237.0
40.0,237.0
40.0,237.0
40.0,238.0
39.0,238.0
39.0,238.0
39.0,239.0
39.0,239.0
39.0,239.0
39.0,239.0
39.0,239.0
39.0,240.0
39.0,240.0
39.0,240.0
39.0,240.0
39.0,241.0
39.0,241.0
39.0,242.0
39.0,242.0
39.0,243.0
39.0,243.0
39.0,243.0
39.0,244.0
39.0,244.0
39.0,244.0
39.0,244.0
39.0,244.0
39.0,244.0
39.0,244.0
39.0,244.0
39.0,244.0
40.0,244.0
40.0,245.0
41.0,245.0
41.0,245.0
42.0,245.0
42.0,245.0
42.0,246.0
43.0,246.0
43.0,246.0
44.0,246.0
44.0,247.0
45.0,247.0
45.0,247.0
45.0,247.0
46.0,248.0
46.0,248.0
46.0,248.0
47.0,248.0
47.0,249.0
47.0,249.0
48.0,249.0
48.0,249.0
48.0,250.0
49.0,250.0
49.0,250.0
49.0,250.0
50.0,251.0
50.0,251.0
50.0,251.0
50.0,252.0
51.0,252.0
51.0,252.0
51.0,252.0
51.0,252.0
51.0,252.0
51.0,252.0
51.0,252.0
51.0,252.0
50.0,252.0
50.0,252.0
50.0,252.0
49.0,252.0
49.0,252.0
49.0,252.0
48.0,252.0
48.0,252.0
48.0,252.0
47.0,252.0
47.0,253.0
47.0,253.0
46.0,253.0
46.0,253.0
46.0,253.0
45.0,253.0
45.0,253.0
45.0,253.0
45.0,253.0
45.0,253.0
45.0,253.0
45.0,253.0
46.0,253.0
46.0,254.0
47.0,254.0
47.0,254.0
47.0,254.0
48.0,254.0
48.0,255.0
49.0,255.0
49.0,255.0
49.0,255.0
50.0,256.0
50.0,256.0
50.0,256.0
51.0,256.0
51.0,257.0
51.0,257.0
52.0,257.0
52.0,258.0
52.0,258.0
53.0,258.0
53.0,258.0
53.0,259.0
53.0,259.0
54.0,259.0
54.0,260.0
54.0,260.0
54.0,260.0
55.0,261.0
55.0,261.0
55.0,261.0
55.0,262.0
55.0,262.0
55.0,262.0
56.0,263.0
56.0,263.0
56.0,264.0
56.0,264.0
56.0,264.0
56.0,265.0
56.0,265.0
56.0,265.0
56.0,266.0
56.0,266.0
57.0,267.0
57.0,267.0
57.0,268.0
57.0,268.0
57.0,269.0
57.0,269.0
57.0,269.0
57.0,270.0
57.0,270.0
57.0,271.0
57.0,271.0
57.0,272.0
57.0,272.0
57.0,273.0
57.0,273.0
57.0,274.0
57.0,274.0
57.0,274.0
57.0,275.0
57.0,275.0
57.0,276.0
57.0,276.0
57.0,276.0
57.0,277.0
57.0,277.0
57.0,277.0
56.0,278.0
56.0,278.0
56.0,278.0
56.0,279.0
56.0,279.0
56.0,279.0
55.0,280.0
55.0,280.0
55.0,280.0
55.0,281.0
55.0,281.0
55.0,281.0
55.0,282.0
55.0,282.0
55.0,282.0
55.0,282.0
55.0,283.0
56.0,283.0
56.0,283.0
56.0,283.0
56.0,284.0
56.0,284.0
56.0,284.0
56.0,284.0
56.0,284.0
56.0,284.0
56.0,284.0
56.0,285.0
56.0,285.0
56.0,285.0
56.0,285.0
56.0,285.0
56.0,285.0
56.0,285.0
56.0,286.0
56.0,286.0
56.0,286.0
56.0,286.0
56.0,286.0
57.0,287.0
57.0,287.0
57.0,287.0
57.0,287.0
57.0,287.0
57.0,287.0
57.0,288.0
57.0,288.0
57.0,289.0
57.0,289.0
57.0,289.0
57.0,290.0
57.0,290.0
57.0,291.0
57.0,291.0
57.0,292.0
57.0,292.0
57.0,292.0
57.0,293.0
57.0,293.0
57.0,294.0
57.0,294.0
57.0,295.0
57.0,295.0
57.0,296.0
57.0,296.0
57.0,297.0
57.0,297.0
57.0,298.0
57.0,298.0
56.0,299.0
56.0,299.0
56.0,299.0
56.0,300.0
56.0,300.0
56.0,301.0
56.0,301.0
56.0,302.0
56.0,302.0
56.0,302.0
56.0,303.0
56.0,304.0
56.0,304.0
56.0,304.0
56.0,305.0
56.0,305.0
56.0,306.0
56.0,306.0
56.0,307.0
56.0,307.0
56.0,308.0
56.0,308.0
56.0,309.0
55.0,309.0
55.0,310.0
55.0,310.0
55.0,311.0
55.0,311.0
55.0,312.0
55.0,312.0
55.0,313.0
55.0,313.0
55.0,314.0
55.0,314.0
55.0,314.0
55.0,315.0
55.0,315.0
55.0,316.0
55.0,316.0
55.0,317.0
55.0,317.0
55.0,318.0
55.0,318.0
55.0,318.0
55.0,319.0
55.0,319.0
55.0,320.0
55.0,320.0
55.0,321.0
55.0,321.0
55.0,322.0
55.0,322.0
55.0,323.0
55.0,323.0
55.0,324.0
55.0,324.0
55.0,324.0
55.0,325.0
55.0,325.0
55.0,326.0
54.0,326.0
54.0,327.0
54.0,327.0
54.0,328.0
54.0,328.0
54.0,329.0
54.0,329.0
54.0,330.0
54.0,330.0
54.0,330.0
54.0,330.0
54.0,330.0
54.0,330.0
54.0,330.0
54.0,330.0
54.0,330.0
54.0,330.0
54.0,330.0
54.0,330.0
54.0,330.0
54.0,330.0
54.0,330.0
54.0,330.0
54.0,330.0
54.0,330.0
54.0,330.0
54.0,330.0
54.0,330.0
54.0,330.0
54.0,330.0
54.0,330.0
54.0,330.0
54.0,330.0
54.0,330.0
54.0,330.0
54.0,330.0
54.0,330.0
54.0,330.0
54.0,330.0
54.0,330.0
54.0,330.0
54.0,330.0
54.0,330.0
54.0,330.0
54.0,330.0
54.0,330.0
54.0,330.0
54.0,330.0
54.0,330.0
54.0,330.0
54.0,330.0
54.0,330.0
54.0,330.0
54.0,330.0
54.0,330.0
54.0,330.0
54.0,330.0
54.0,330.0
54.0,330.0
54.0,330.0
54.0,330.0
54.0,330.0
54.0,330.0
54.0,330.0
54.0,330.0
54.0,330.0
54.0,330.0
54.0,330.0
54.0,330.0
54.0,330.0
54.0,330.0
54.0,330.0
54.0,330.0
54.0,330.0
54.0,330.0
54.0,330.0
54.0,330.0
