x,y
1.5756186028744075e-13,-8.68973435043644e-10
1.5756186028744075e-13,-8.68973435043644e-10
1.5756186028744075e-13,-8.68973435043644e-10
1.5756186028744075e-13,-8.68973435043644e-10
1.5756186028744075e-13,-8.68973435043644e-10
1.5756186028744075e-13,-8.68973435043644e-10
1.5756186028744075e-13,-8.68973435043644e-10
1.5756186028744075e-13,-8.68973435043644e-10
1.5756186028744075e-13,-8.68973435043644e-10
1.5756186028744075e-13,-8.68973435043644e-10
1.5756186028744075e-13,-8.68973435043644e-10
1.5756186028744075e-13,-8.68973435043644e-10
1.5756186028744075e-13,-8.68973435043644e-10
1.5756186028744075e-13,-8.68973435043644e-10
1.5756186028744075e-13,-8.68973435043644e-10
1.5756186028744075e-13,-8.68973435043644e-10
1.5756186028744075e-13,-8.68973435043644e-10
1.5756186028744075e-13,-8.68973435043644e-10
1.5756186028744075e-13,-8.68973435043644e-10
1.5756186028744075e-13,-8.68973435043644e-10
1.5756186028744075e-13,-8.68973435043644e-10
1.5756186028744075e-13,-8.68973435043644e-10
1.5756186028744075e-13,-8.68973435043644e-10
1.5756186028744075e-13,-8.68973435043644e-10
1.5756186028744075e-13,-8.68973435043644e-10
1.5756186028744075e-13,-8.68973435043644e-10
1.5756186028744075e-13,-8.68973435043644e-10
1.5756186028744075e-13,-8.68973435043644e-10
1.5756186028744075e-13,-8.68973435043644e-10
1.5756186028744075e-13,-8.68973435043644e-10
1.5756186028744075e-13,-8.68973435043644e-10
1.5756186028744075e-13,-8.68973435043644e-10
1.5756186028744075e-13,-8.68973435043644e-10
1.5756186028744075e-13,-8.68973435043644e-10
1.5756186028744075e-13,-8.68973435043644e-10
1.5756186028744075e-13,-8.68973435043644e-10
1.5756186028744075e-13,-8.68973435043644e-10
1.5756186028744075e-13,-8.68973435043644e-10
1.5756186028744075e-13,-8.68973435043644e-10
1.5756186028744075e-13,-8.68973435043644e-10
1.5756186028744075e-13,-8.68973435043644e-10
1.5756186028744075e-13,-8.68973435043644e-10
1.5756186028744075e-13,-8.68973435043644e-10
1.5756186028744075e-13,-8.68973435043644e-10
1.5756186028744075e-13,-8.68973435043644e-10
1.5756186028744075e-13,-8.68973435043644e-10
1.5756186028744075e-13,-8.68973435043644e-10
2.6651233710163133e-13,-1.206907538628753e-09
2.6651233710163133e-13,-1.206907538628753e-09
2.6651233710163133e-13,-1.206907538628753e-09
2.6651233710163133e-13,-1.206907538628753e-09
2.6651233710163133e-13,-1.206907538628753e-09
2.6651233710163133e-13,-1.206907538628753e-09
2.6651233710163133e-13,-1.206907538628753e-09
2.779250116993152e-13,-1.2400974949938578e-09
2.779250116993152e-13,-1.2400974949938578e-09
2.779250116993152e-13,-1.2400974949938578e-09
2.779250116993152e-13,-1.2400974949938578e-09
2.779250116993152e-13,-1.2400974949938578e-09
2.779250116993152e-13,-1.2400974949938578e-09
2.779250116993152e-13,-1.2400974949938578e-09
2.779250116993152e-13,-1.2400974949938578e-09
2.779250116993152e-13,-1.2400974949938578e-09
2.779250116993152e-13,-1.2400974949938578e-09
2.779250116993152e-13,-1.2400974949938578e-09
2.779250116993152e-13,-1.2400974949938578e-09
2.779250116993152e-13,-1.2400974949938578e-09
2.779250116993152e-13,-1.2400974949938578e-09
2.779250116993152e-13,-1.2400974949938578e-09
2.779250116993152e-13,-1.2400974949938578e-09
2.779250116993152e-13,-1.2400974949938578e-09
2.779250116993152e-13,-1.2400974949938578e-09
2.779250116993152e-13,-1.2400974949938578e-09
2.779250116993152e-13,-1.2400974949938578e-09
2.779250116993152e-13,-1.2400974949938578e-09
2.779250116993152e-13,-1.2400974949938578e-09
2.779250116993152e-13,-1.2400974949938578e-09
2.779250116993152e-13,-1.2400974949938578e-09
2.779250116993152e-13,-1.2400974949938578e-09
2.779250116993152e-13,-1.2400974949938578e-09
2.779250116993152e-13,-1.2400974949938578e-09
2.779250116993152e-13,-1.2400974949938578e-09
2.779250116993152e-13,-1.2400974949938578e-09
2.779250116993152e-13,-1.2400974949938578e-09
2.779250116993152e-13,-1.2400974949938578e-09
2.779250116993152e-13,-1.2400974949938578e-09
1.3352006335959864e-13,-8.61430270706929e-10
1.3352006335959864e-13,-8.61430270706929e-10
1.3352006335959864e-13,-8.61430270706929e-10
1.3352006335959864e-13,-8.61430270706929e-10
1.3352006335959864e-13,-8.61430270706929e-10
1.3352006335959864e-13,-8.61430270706929e-10
1.3352006335959864e-13,-8.61430270706929e-10
1.3352006335959864e-13,-8.61430270706929e-10
0.00017717247807688113,9.071160569955869e-07
0.002024361277862205,4.3513529539884356e-05
0.009502272598082326,0.0004897090451783267
0.021400372165547528,0.002006726172584396
0.030405183537495054,0.003827724357374744
0.033769807476381246,0.004666357807606515
0.04509186260445478,0.007880168935988866
0.07409115646179652,0.01611070954463628
0.08249221090369865,0.018195538964424666
0.08528756410208355,0.01880069658470662
0.08799594195410523,0.019325506326799705
0.09791979923493818,0.02071831572627267
0.11219420297088922,0.021925911868795306
0.1250985693114633,0.022797402549094407
0.14507679342977428,0.02410165484792425
0.1704622860755809,0.02572318722058275
0.20417951091238487,0.02750203693419771
0.2187453702088599,0.028119841034891412
0.23804522473654793,0.028802652913700932
0.2611999095486973,0.029248978200094474
0.2934958173245028,0.029159294915003166
0.3072627478480424,0.028919809097023217
0.32613785898887454,0.028422565410707284
0.3484424062503297,0.027498947809775194
0.37449292243597987,0.02559760974868964
0.388964744421548,0.024317431468903104
0.4070726818962467,0.02250882436797181
0.4192710126918312,0.02092590850055241
0.42861251258272065,0.019255881889833397
0.4387924922212289,0.01667170217444992
0.44318669390313814,0.015289223364253503
0.45691106079535804,0.010225088946297022
0.48768176328656054,-0.0017818878697332037
0.5073204083574476,-0.009859932258019788
0.5185824096562205,-0.014807837836450989
0.5339053094868622,-0.021833334252636828
0.5624029327277419,-0.035516544738840396
0.5796929461464112,-0.04445409957835675
0.5906784516077734,-0.05042533550098298
0.6067992104047746,-0.059349699347924084
0.6290171748084741,-0.07173578756709015
0.6600943332035787,-0.08912642516727762
0.6735375134258604,-0.09666822293857588
0.6913221145217863,-0.10666246035834516
0.7134948459537992,-0.11912933825351106
0.7445779262508809,-0.13656119610477882
0.7655245025387418,-0.14816071537158987
0.773550447000254,-0.1525278503297039
0.7941619330397733,-0.1636321796984415
0.8252248511927186,-0.1803116876010442
0.8462984708738761,-0.19140959861202994
0.8545463903005879,-0.19562720106966683
0.8752962018273241,-0.2059695701443628
0.9050346637593525,-0.22022680831683358
0.9263710420746202,-0.23004789586062477
0.9391302302488145,-0.23574051370078838
0.9562917974745421,-0.24324307623411986
0.9875267125547232,-0.2565894618981019
1.001175281105769,-0.2623302342459436
1.0243363204820453,-0.27202497101549966
1.0428665175832175,-0.27973804509342615
1.0657306950933576,-0.28915769058416496
1.0971801393818712,-0.30178758418094703
1.1105553018672893,-0.30698958359907136
1.1279775476716685,-0.31358405344869567
1.149520611863363,-0.3213674916975271
1.1804818806533905,-0.3319698012703386
1.1937140402233637,-0.3362942415199792
1.2114900455220436,-0.34194947734042
1.233063275430117,-0.3486069167140763
1.262081330128049,-0.35740397058266615
1.282502767480025,-0.36358689525229004
1.2906651325279093,-0.3660631022641304
1.3115235095761189,-0.37237507985886814
1.3413227693819332,-0.38121009629592273
1.3650681326410459,-0.38811359892159447
1.379543907462363,-0.3923579209241353
1.3988112057331639,-0.3980717428663205
1.4332294694422212,-0.40833489563232445
1.4573437556593678,-0.41550896481812793
1.4718598198289903,-0.41979569240662157
1.4911105018575859,-0.42547647143171236
1.5157122472115205,-0.43278728967428026
1.5497364727891263,-0.44304254015920885
1.5639121213660017,-0.44740614609758494
1.5824040050981831,-0.453231969992075
1.6044635156946885,-0.46052900062752816
1.6369376299101643,-0.47171455532891965
1.6591220090784635,-0.4793542882953581
1.66787152606113,-0.48231975567556745
1.6889904991414921,-0.4893172207318442
1.7189902935279895,-0.4989609091085907
1.7417823072574143,-0.50613120217906
1.751324685073648,-0.5091140620604394
1.7748281705473614,-0.5165522314143027
1.7983052308765568,-0.5244788944161998
1.8131586742713695,-0.5295418671553878
1.8208193691132208,-0.5322483403869038
1.8340383768109059,-0.5372203288982744
1.8512089778855905,-0.5441792900989656
1.869048792054298,-0.5515749903370695
1.8828037836877551,-0.5573237726646164
1.9012503682476813,-0.5651054047333076
1.9341570177912084,-0.5790483703202921
1.955853501237091,-0.5884349206488335
1.9683281031460225,-0.594081581902412
1.984886349165833,-0.6018125869784268
2.005548578983007,-0.6118745071900228
2.034956794962605,-0.6269129134176707
2.0481164567705212,-0.6337549431210222
2.0657750560534156,-0.6430269172379499
2.088379938982325,-0.6549653480610135
2.1115757773079613,-0.6670782553519758
2.123392467200321,-0.6720821378799391
2.1312607620928796,-0.6754404359077731
2.152085170968589,-0.6844847861419622
2.1839241449396716,-0.6983479338476104
2.2056119228598186,-0.7074976651605307
2.2189962871728737,-0.7130169906673491
2.237000730852819,-0.7203449044413043
2.268566111832949,-0.7328895406762799
2.290360258523338,-0.7412321884559221
2.303575119211435,-0.7461436582729438
2.321336504179602,-0.7526251395747048
2.352566565664761,-0.7636109278975555
2.375055278125433,-0.7711414150209474
2.3887472230886786,-0.7756070533693885
2.4070737267552946,-0.7814521303373844
2.4296023916332685,-0.7883606520209292
2.461501102782068,-0.7976820066918681
2.484194356221797,-0.8040292409319898
2.493258767744055,-0.8064814876112526
2.5160828395613546,-0.8124416640040192
2.548255115673978,-0.8203559034399296
2.5622740088772566,-0.8236546783777938
2.581314903767074,-0.8280420346311856
2.605082198945854,-0.8333317063321065
2.6381460400825514,-0.8402970491323933
2.6623828790917234,-0.8452037984975045
2.6769283714572407,-0.8481053017639468
2.696129472279677,-0.8518619788864474
2.7297585142253635,-0.8581930233893267
2.7517997509939653,-0.8620411391885302
2.7656202090918853,-0.8644106948703213
2.7850096657883103,-0.8676995000989168
2.8164567687250037,-0.8728466292764107
2.835488114918964,-0.8754661889374846
2.849556576355836,-0.8773893043016237
2.868916630370111,-0.8800338875709993
2.8932040583365244,-0.8832598512129923
2.9268752438579937,-0.8875351203767752
2.9412495126284934,-0.8892627081251844
2.958657818856969,-0.891190602370345
2.9699003220822315,-0.8922089969526552
2.990173962283815,-0.8939649751761509
2.9953805076629307,-0.8942416804997622
2.997151472103877,-0.8942943690687449
3.0024409656092113,-0.8943575004696489
3.024789845178578,-0.894255626349355
3.038075147640118,-0.8939824690198633
3.0607139144449484,-0.8931827629763263
3.079245083036082,-0.8922908810235641
3.111067459003647,-0.8902029322523702
3.135466632202298,-0.8882723798056851
3.1506292971442456,-0.887051685987056
3.170583085592973,-0.8854156548077463
3.2057385287945386,-0.8824171330853888
3.2307256655496808,-0.8802275728890355
3.2457507451509136,-0.8788824673484364
3.265740338703646,-0.8770724467469212
3.30102703635478,-0.8738343324410867
3.3265103273648524,-0.87150966457237
3.3520208155647615,-0.8692046226611929
3.362281047675353,-0.8682840273424871
3.387692910986679,-0.8660126530745945
3.421566010271982,-0.8631718927278555
3.446278143490337,-0.8613510515925539
3.4553471759470673,-0.8607873192760008
3.4774205305681924,-0.8597943354922132
3.5083210429576996,-0.8593967360300796
3.527625305125298,-0.8599142168652598
3.5352802744306313,-0.8603801804967335
3.5548669667587416,-0.8621378331523174
3.5842804593179003,-0.8659782606146303
3.6032491283287946,-0.8691655351822583
3.6133710993891794,-0.8713360351463817
3.628071902356769,-0.8749360673152474
3.65202585939395,-0.8820912282099919
3.659816783508541,-0.8851022413899021
3.6735181575548554,-0.8913490355203182
3.6884291027569973,-0.8987666812627145
3.716042683957032,-0.9133061541297283
3.736203699062261,-0.9243908190318462
3.756848775599087,-0.9360626056513687
3.7647502857050377,-0.9407012440709633
3.7826278970697254,-0.9516851159509404
3.8109060664569445,-0.9696671315509793
3.8323527333608007,-0.9833923617136354
3.8406897498830728,-0.9887715859647797
3.858747229459427,-1.0007888832309317
3.871980144446325,-1.0101317639087877
3.88233921695115,-1.0171335401081594
3.8903874571386687,-1.0224916410018596
3.910598424171683,-1.0357962122932773
3.9377238934410492,-1.0536953726794998
3.9575427360570004,-1.0669044527912108
3.9701211685377027,-1.0752776024294215
3.9868061210593724,-1.0864343033103283
4.01632476013454,-1.106265334372859
4.035086375914437,-1.1184557209647792
4.046327482830172,-1.1254463310583942
4.061752684790137,-1.1347145788194213
4.086641781264178,-1.1484895860639663
4.104581896339459,-1.1574323680900709
4.11647976642501,-1.1630597358306822
4.132987035212179,-1.1705986484122823
4.152022084233217,-1.1786117314921722
4.179312802093227,-1.1889444926611015
4.191023345672611,-1.1929509196430104
4.206579379167757,-1.197901719982326
4.226818074984071,-1.2037187033724577
4.256942299936124,-1.2115742041347088
4.278486402950328,-1.2167050723750863
4.2874270340788385,-1.2187090542527375
4.310624599592774,-1.223761574069601
4.345069744034445,-1.231168029806067
4.369935992824614,-1.2364059300804382
4.384730017455117,-1.2394821995367789
4.404486526715445,-1.243558325951842
4.439407578850078,-1.250793792974401
4.464428872195631,-1.2560323303712544
4.479561308172312,-1.2592214256636483
4.499423192225474,-1.2634121138108039
4.534002237983129,-1.2706758054943743
4.558994173606111,-1.2759310130391628
4.573952660259332,-1.2790863353821136
4.594061599073845,-1.2833321181061534
4.628309898593377,-1.2905695809685243
4.651863576485352,-1.295769866540671
4.665168454967139,-1.298898470501137
4.6837088309901,-1.3034219833302725
4.707615563767861,-1.3092289875422913
4.739746279160216,-1.316549593609516
4.761708632033569,-1.3210814741979882
4.770092660451115,-1.322651146722415
4.791824123401731,-1.3263579989711682
4.822545986101565,-1.330898916696304
4.84681943292502,-1.3342284774412034
4.856279120307369,-1.3354800907511721
4.879391206179456,-1.338317714871684
4.91031533070596,-1.3414331940348694
4.933048416904787,-1.343240074816358
4.947012731218806,-1.3441932818034106
4.965457442346078,-1.345279304894931
4.998026434206281,-1.3467000068913766
5.022132777805781,-1.3475421102548295
5.036250545748182,-1.3479396155817946
5.05591102666084,-1.3484219964472208
5.080507363478047,-1.3489487024693863
5.113637252473738,-1.3492546233043692
5.137175816532915,-1.3491337134554013
5.1467425284428705,-1.3490157271490404
5.171417459963902,-1.3486317982589742
5.205230111068569,-1.348236261583194
5.227326106479021,-1.348140125277787
5.236007505932196,-1.3481938069219412
5.2544741466228375,-1.3487666306055104
5.27429861260261,-1.3500932175489326
5.290452277559021,-1.350891901907323
5.297054428825984,-1.351119964142416
5.314766039202665,-1.3515755045890538
5.341135037262535,-1.3520649840754428
5.364622921400357,-1.3521823366910621
5.378416884237818,-1.3520825082136572
5.397676516436413,-1.3518201885103993
5.432574045966737,-1.3511825818007193
5.447478233023881,-1.3508456823319104
5.472605014012056,-1.3502640795140546
5.492924801795714,-1.3498285268748973
5.516335940973542,-1.349611156475811
5.548199421108653,-1.349966566263163
5.570131508547962,-1.3506959520007538
5.578904229938505,-1.3511167592229767
5.600598742862274,-1.3525423392216427
5.632405880742335,-1.3554725443710076
5.6555622679229405,-1.3579235843497548
5.6649658877989255,-1.3590102366333843
5.689364856022713,-1.36196032607369
5.72404348221227,-1.3663385798564394
5.748727315033171,-1.3696555694909518
5.763696555995214,-1.3717167399244068
5.783701840034021,-1.374499699563898
5.819247052220699,-1.379466555045737
5.8341172750044965,-1.3815046105105269
5.858897831351678,-1.3848619872982117
5.878542055653524,-1.3874824992656474
5.902670252590683,-1.3905591748265256
5.937412506740315,-1.39483631475892
5.96030952233856,-1.3973323231106038
5.969926347596135,-1.3983323667438075
5.995276272460667,-1.4009804543701205
6.025992712211373,-1.4038797261362495
6.050392078819492,-1.4058071641116943
6.057390141880737,-1.4062338694340821
6.072616394094568,-1.40680348476394
6.10495149150013,-1.4076784433911658
6.117351276239122,-1.407925028283701
6.130890596922254,-1.407973012606263
6.133914577624295,-1.407692177478742
6.138068196810022,-1.407347122762431
6.1387436335988,-1.4071328997841028
6.138297683633665,-1.4073128896820009
6.135160751707838,-1.40878934149492
6.130637970495025,-1.4113794908812973
6.127015107009267,-1.413927005276983
6.1213892679790485,-1.4183191124165193
6.119083475382733,-1.420256970483275
6.113335142963941,-1.4254092568289265
6.105926715862063,-1.432888828225778
6.102912118881179,-1.436236954972056
6.09908741364576,-1.440758578812701
6.094602551808495,-1.446568571070741
6.0886218883961325,-1.4552630685595809
6.085054151511567,-1.4611800108679058
6.084194657477982,-1.4627869646016416
6.082875161897658,-1.4655780968430583
6.08304752061451,-1.4650749358348045
6.082839287783082,-1.466117102263374
6.082772303001834,-1.4666443889419187
6.082625549092359,-1.4688157330979432
6.082711831764182,-1.4712680572826247
6.083428490239231,-1.4784962398104962
6.084533312534722,-1.4860338755702396
6.08508866845157,-1.4890714287450946
6.086664163818336,-1.4963955329399146
6.089421094020122,-1.5063457757619172
6.09080894319142,-1.5105787482053001
6.092857628510331,-1.5162431793789093
6.095760601645119,-1.5232589866709954
6.1004580005628455,-1.5329617339128976
6.101141361648223,-1.5341454134170531
6.1007151360632115,-1.5335173170583392
6.10037653167479,-1.533107824509946
6.098639433561572,-1.531560784195166
6.09911620081594,-1.532076820288666
6.096409733853349,-1.5306434631211057
6.092701219821687,-1.529087245566227
6.0909941312333045,-1.5286154424284004
6.09028590965171,-1.5286334873780287
6.087110908079143,-1.5289335212027655
6.079744662332759,-1.5301430268234664
6.0624325567894,-1.5340253740283443
6.047343014203572,-1.5390701797715918
6.0277741467372845,-1.5467806675725864
6.018798171093171,-1.5505739996318244
6.012020373905224,-1.5539346065799697
6.005562046394811,-1.5591020090971137
5.996917158193443,-1.5673072243123256
5.995977556756604,-1.5684020113932438
5.994431863794344,-1.570654262914017
5.991568597249171,-1.5770471240908195
5.990377204280583,-1.580276626209322
5.990471438383021,-1.5800146409691276
5.98942991163239,-1.582813806146394
5.990732505074738,-1.5788203251012543
5.991553944396205,-1.5753223177413511
5.991350356207001,-1.5769548670256845
5.991321689906359,-1.5776120043270705
5.992860363809996,-1.5962211282587782
5.993940441736402,-1.601215598438255
5.9952935824014055,-1.605004082927254
5.995714923858029,-1.6058686882221127
6.011619385643145,-1.634788710586786
6.020544082036488,-1.6508803778049552
6.027257690616061,-1.662959689233075
6.036159701762868,-1.6789191590394803
6.048381653270826,-1.700793937312123
6.065367352499341,-1.7315170351994498
6.077505813410756,-1.7536694309280838
6.082406176403685,-1.7625865464637782
6.0942607554016375,-1.7839416184080954
6.111467543621004,-1.814657571341083
6.123592033860669,-1.8360062083835405
6.128419568623774,-1.844354233424218
6.140542154241655,-1.8649437403083713
6.1577284342718315,-1.8931800268005519
6.170423994468404,-1.913301633743061
6.1780855929479985,-1.925136116727426
6.18772562769153,-1.9395159747559712
6.205233365422024,-1.964085186928824
6.217980581132798,-1.9807189355827952
6.22557627636266,-1.9900381495082557
6.235834373206347,-2.0019794832467563
6.248752312493708,-2.015888244937668
6.267635916739074,-2.03403931045696
6.2825467427679245,-2.0470166961760667
6.288873448305103,-2.052313533028327
6.306012828136945,-2.0662185921431706
6.329283542791065,-2.0838677274523327
6.346179222126422,-2.0957018770898768
6.353275219256602,-2.1005256476037157
6.373096317871803,-2.113958245678971
6.3887080498230615,-2.1247571981333007
6.409257442856853,-2.139228405725845
6.417637362357151,-2.14513233859994
6.438611783431963,-2.1599231362452755
6.467762315635893,-2.1805115936073354
6.48864447619103,-2.1953013713234477
6.501151097406006,-2.2041809622188917
6.517858488240616,-2.2160629216518624
6.547106990197166,-2.2369069703284405
6.567918742482603,-2.251752120673856
6.588681862008856,-2.266578271739369
6.59700498404341,-2.2725620091844125
6.616818476285794,-2.2869741629795457
6.6440787013642,-2.3072803560605957
6.65586599971261,-2.3161994698524153
6.671669899457686,-2.3282831187016657
6.691433419491815,-2.34360464776153
6.7190041603641415,-2.3652956906073475
6.7310412025364945,-2.3748021265549992
6.74707821208873,-2.3874930271386514
6.766705330606762,-2.4031517740420267
6.793174625283684,-2.4246798288085563
6.812173093783609,-2.4404296557499037
6.819796200291648,-2.4468197293344995
6.838280441474634,-2.4625908327337376
6.861976704110413,-2.483781487933667
6.871860846888522,-2.493000134826712
6.888678694546623,-2.5091054668827466
6.902041386247175,-2.5222656150290943
6.92425118902508,-2.5451156934890373
6.939649720305285,-2.561729835283549
6.9542176226127195,-2.5782421149839236
6.959825666736743,-2.5848360961151795
6.975043994804939,-2.603058513836183
6.997557042297268,-2.6301599887325833
7.007335092564551,-2.641977452151433
7.019652000749666,-2.6570158141688136
7.035823937864736,-2.6768795145890683
7.058388790938201,-2.7047241949190233
7.073776740919294,-2.723919718273086
7.0797370485284015,-2.7314037433092335
7.0944381704038975,-2.749852164404401
7.115114371596568,-2.7756431230189578
7.129574924588498,-2.793407816819055
7.144214199941255,-2.8112225385297136
7.15021651335188,-2.818509689031626
7.171460343711422,-2.8442303800975877
7.186607820887497,-2.862413026176521
7.195587278861872,-2.87311686264881
7.2076649970131506,-2.8874656189027395
7.222524507409096,-2.904997625755571
7.243644478718062,-2.929464606080359
7.25888710223736,-2.946866978082667
7.265008741501896,-2.95381981046055
7.286618900167409,-2.9782282386046033
7.302503824836204,-2.9961103027170957
7.318336936229238,-3.013835149206364
7.3246485039193905,-3.0208901469562073
7.340505616379506,-3.0386274899401085
7.36257412099951,-3.0633735534410316
7.378355018767628,-3.0810092716622806
7.384568189118478,-3.0879145190843555
7.40011271481915,-3.1050819084905363
7.422000386917402,-3.1290364606745213
7.438027504606891,-3.1464487172376914
7.444422914960563,-3.1533589838856533
7.460470220265881,-3.1706146321387654
7.4828043498823344,-3.1944665401772454
7.498561065276238,-3.2111619965329137
7.513985929488516,-3.227194714470888
7.520254456602599,-3.233596812774288
7.5425515181834495,-3.2560069717988043
7.558420157943106,-3.2715643845980726
7.567814474569298,-3.280564324688444
7.59022879648805,-3.301358692112172
7.5967551786608585,-3.3072738669604274
7.621477120786368,-3.329407257787277
7.632550633954459,-3.3391984936286576
7.646250614241403,-3.351061419107405
7.664521429499475,-3.3665367428734854
7.690797293340533,-3.388379838008419
7.709644665807126,-3.403755471485558
7.7171570656707935,-3.4098018309073437
7.7365225709966445,-3.4253014749048205
7.76452898548739,-3.447705852896534
7.784109937031649,-3.463462730301025
7.791719994987224,-3.4697099631189827
7.807982568134715,-3.4835999055056712
7.830653470856767,-3.504301689483872
7.847361600926028,-3.5203020206270272
7.857693008581848,-3.5304081542551526
7.872140455737479,-3.54463137567305
7.896480176693217,-3.568936394416034
7.912817645527064,-3.58577647920339
7.928113642960546,-3.6022096081984984
7.933865592587054,-3.6086445340476216
7.948042631911047,-3.625094725882686
7.968102739252436,-3.6497227059613553
7.98222683183566,-3.667884357933398
7.987939660707305,-3.6754006013435374
8.002197504211209,-3.69447879785871
8.022754442773678,-3.722372471701587
8.03784773762992,-3.7428479581410348
8.043799842300853,-3.7508808204855515
8.067646712596632,-3.7827943155212935
8.079666992214587,-3.7987733733599116
8.094628265273501,-3.8185260148050744
8.100607457129135,-3.8263802630918313
8.115770330538613,-3.846202099662462
8.137256586002158,-3.874028762820687
8.152711027695249,-3.893945456242645
8.16169344651651,-3.9053642407720512
8.173669257860432,-3.920385330409196
8.195230773971714,-3.9469580219886
8.210707516302776,-3.965722465573185
8.220353936329017,-3.9773202630630466
8.233383005292103,-3.9929851333586113
8.25626837413549,-4.0205341246587984
8.272588058479249,-4.0402108956739395
8.288699352818094,-4.059731568621645
8.295012117944434,-4.067451540524683
8.310239187476261,-4.086321670459731
8.330624012124787,-4.11247121239782
8.339028522340865,-4.123663838803145
8.3570109354459,-4.148825764731004
8.361582972821342,-4.155664120319298
8.376301005490546,-4.1793530251777815
8.38502295438348,-4.195324113367901
8.38827408475345,-4.201848424523525
8.395969334908067,-4.218700843552539
8.406170787799494,-4.244385565069305
8.412411650026707,-4.262633845260846
8.414633798905403,-4.269921084070739
8.419658999961234,-4.288461784542513
8.42287980876904,-4.302006551624827
8.421439833549714,-4.2983861106667325
8.42219605691143,-4.299847203252345
8.422839709668882,-4.300906986655512
8.41913350851277,-4.2964232232042665
8.414075433383141,-4.291644192259424
8.411758544899232,-4.289759471689342
8.40901068903698,-4.287816963281004
8.40463685931502,-4.2853206459098026
8.392761670998464,-4.279894808298636
8.383168816822025,-4.276356195692852
8.379233910616751,-4.275116262608301
8.363802876851578,-4.271329310606356
8.355866780483407,-4.269993397779896
8.345826835015167,-4.268910906522975
8.341758845425302,-4.268671630932352
8.331560762535775,-4.268544446258787
8.31729416737832,-4.269465772126759
8.307201678965276,-4.270935344274187
8.297416925407822,-4.272983980083297
8.287574949400776,-4.275753403981226
8.279865349640364,-4.278393037565269
8.270462021155504,-4.282276343587819
8.261521176264422,-4.2866341462328785
8.258013379409103,-4.28855458097929
8.246093638321051,-4.2959798068041355
8.23789702196817,-4.302048779507721
8.230003562693629,-4.308705916393396
8.227019971408597,-4.311481519959317
8.21987668556875,-4.318761053005187
8.210980207570273,-4.329330492394759
8.207496614105667,-4.334120373298921
8.203193679679243,-4.340619641831666
8.195344508763572,-4.354869250838692
8.19199596585559,-4.362187299750756
8.188416472194236,-4.371385784488754
8.187113010279175,-4.37527341910509
8.184358538936365,-4.384935503429602
8.1814862629892,-4.399069273169696
8.180244182820593,-4.409192740553017
8.179685577328062,-4.419351019866876
8.179636449483857,-4.423349806538911
8.179963496472284,-4.434201391111525
8.180901560392373,-4.443543301583128
8.183037438146473,-4.45580994976288
8.184186529858334,-4.460687949337736
8.187927772889761,-4.473594883999245
8.19063801900101,-4.48109219397251
8.192361579594138,-4.485391429395455
8.193250537187726,-4.487543640773426
8.193936699081158,-4.489177125233523
8.194143051208757,-4.489666958880474
8.194310090011669,-4.490063494316845
8.194673647491886,-4.490926541003982
8.194791557068278,-4.491206448441108
8.195145288750465,-4.49204616950849
8.195400773691581,-4.492652629643639
8.195695570230573,-4.493352388716668
8.195813493320692,-4.493632290460822
8.196167265835966,-4.494471994326152
8.196412916100506,-4.495055132581612
8.19653086825255,-4.495335022080151
8.196806114141511,-4.4959880873773646
8.197140338072275,-4.496781096595424
8.197366521554281,-4.497317505717743
8.197523922451397,-4.497690636329841
8.197878067617102,-4.498530183097814
8.198094500211365,-4.4990432350062415
8.198350288690015,-4.499649567179896
8.198507693990715,-4.500022695934394
8.198871682544985,-4.500885560905172
8.199078279829317,-4.501375291202463
8.199344081519525,-4.50200486989086
8.19975930984649,-4.502983469850219
8.200086761928171,-4.503751859145951
8.200195955424324,-4.504007970669605
8.200583118241793,-4.504915992952732
8.200841232973374,-4.505521338503639
8.201109272088308,-4.50614996790021
8.201228403823142,-4.506429357361912
8.201585804500901,-4.507267523413224
8.201863784632703,-4.50791942956302
8.201972990371605,-4.508175535866599
8.202211252786594,-4.5087343152397334
8.202548890349966,-4.509525877056842
8.202957820069479,-4.510479646659192
8.20328825993088,-4.511246755830627
8.203398450893452,-4.511502439783798
8.203759098427957,-4.5123392139049905
8.204039594024195,-4.512990041687332
8.20432008738157,-4.513640870434609
8.20441024753895,-4.513850064708928
8.204770922898236,-4.514686826836951
8.205041466963374,-4.515314382248204
8.205332043349639,-4.515988426685683
8.205432244050696,-4.516220854962613
8.2056927707777,-4.516825166368408
8.20607357040329,-4.517708377885427
8.206233908770031,-4.518080255693649
8.206604625761862,-4.518940251354752
8.206865159936621,-4.519544559549653
8.207065573383185,-4.520009410910969
8.20721588611345,-4.520358048291427
8.207406274984677,-4.520799658767346
8.207656786365693,-4.5213807253087825
8.208017531997493,-4.522217457143369
8.208288129282275,-4.522844989608313
8.208538726345727,-4.5234260192025255
8.208648986219362,-4.5236816734464105
8.209019868848173,-4.524541597688001
8.20928051068936,-4.525145859452808
8.209551270585997,-4.5257733217734
8.209661577726571,-4.526028955626542
8.21005266974909,-4.5269352925086555
8.210313405109215,-4.52753951392721
8.210564108186945,-4.528120497786204
8.210674417917797,-4.528376130521613
8.211105634437873,-4.529375419640751
8.211306199856569,-4.529840205452159
8.21157694315871,-4.530467674933196
8.211847661981617,-4.531095154976148
8.21195794763768,-4.53135079809888
8.212318889662606,-4.532187445233919
8.212559529302137,-4.532745204976211
8.212830251186354,-4.533372683698375
8.214785366456143,-4.537543678715868
8.218825749882093,-4.545226304450998
8.224422812967626,-4.554411360855726
8.224250674983333,-4.554070678665243
8.222455544438173,-4.551044933324716
8.21705123232626,-4.540678999710606
8.21408782320342,-4.533963771923372
8.21494293066276,-4.535882651054115
8.218284523557186,-4.542643502889295
8.226117687677325,-4.555854272341722
8.231784858248792,-4.563936092693498
8.232240162486159,-4.564543806809778
8.231913553029353,-4.564092817240838
8.228160849758726,-4.558625646128275
8.222121337266524,-4.548409175555536
8.220610408389916,-4.545543383787003
8.219101599064311,-4.542421285977366
8.217140128818087,-4.53789215272562
8.220348001744624,-4.544380441146529
8.225551569527578,-4.553503737731235
8.227884314549781,-4.557239248419097
8.226644916418964,-4.555238145912157
8.219625360570223,-4.543041544852783
8.211970071275228,-4.5312043865791205
8.205146539334057,-4.521429029861996
8.19173928160042,-4.505171282637592
8.182460481834202,-4.495241665960934
8.172309576118495,-4.485794582908265
8.163034517327038,-4.478591324256434
8.15645423878942,-4.473613009485224
8.1306043404545,-4.453999946469675
8.111853868701868,-4.439602816615128
8.09379090508518,-4.425640398756564
8.086611180283086,-4.420071135287115
8.068705734544478,-4.406112195694234
8.043224750742516,-4.38606305032328
8.025117285907713,-4.371746606124207
8.017913814393818,-4.366043511889266
7.989334678905952,-4.343220724432085
7.974791836371206,-4.331457763576057
7.956674905465988,-4.316708232017382
7.939095020568811,-4.302381462593036
7.9322082576935795,-4.296769078275136
7.907734279097535,-4.276758857350144
7.890519684975794,-4.262705042393926
7.8731611643326955,-4.248587446796627
7.8556427753518765,-4.23438566376306
7.841821900833058,-4.223179020455104
7.824015640967753,-4.208649266092021
7.8064884157583325,-4.194298041903443
7.799681205483349,-4.188748302487351
7.7756581696734,-4.169306830720064
7.757032366389711,-4.1543412847326255
7.74009849160224,-4.1411954391184755
7.745635022756861,-4.145114557963925
7.727023577665724,-4.134135653305616
7.710855930307447,-4.125296705593463
7.689877618902186,-4.114126822863657
7.668505841710653,-4.102997984472399
7.646876630426107,-4.0919263383931135
7.629052695848321,-4.082864053032888
7.606487709041145,-4.071398796825852
7.583929025731317,-4.059921141339506
7.561504152230947,-4.048515385108885
7.5433180476855375,-4.039216159161188
7.521124266470154,-4.027748045910788
7.498690997511611,-4.016027163455457
7.489611357287499,-4.011269053787323
7.457916680878539,-3.9945916985618184
7.435184162143746,-3.98256974053186
7.4125434063323965,-3.970536805365561
7.4035440365883645,-3.9657351849120874
7.38102522608074,-3.9536887246220407
7.3496028759962115,-3.9368225552274603
7.32719536569398,-3.9247293785573536
7.304661686633153,-3.9125502347779566
7.286561588885804,-3.902761282706923
7.263994618673105,-3.8905372959448123
7.2417031442286035,-3.8783894519406603
7.219421677098043,-3.8661705198219196
7.197038175737023,-3.853874465509443
7.179206478569604,-3.8440691323205365
7.157054864065495,-3.8318242813167855
7.134845983693426,-3.8194739065125494
7.11249343883601,-3.807017345988
7.094530470266396,-3.796978977176767
7.072097674965049,-3.784406599312819
7.049753935846274,-3.7718307214322033
7.0408928590909445,-3.7668297389611882
7.009914418007005,-3.749315222048931
6.988100624253869,-3.7370362964409094
6.966451941985144,-3.7249805522962065
6.944500209744082,-3.7128449582229925
6.926794954500353,-3.703072379066438
6.904843444162075,-3.6909887821576053
6.883606963203803,-3.6794440776107296
6.87516474571728,-3.6749424266417177
6.8459295796263975,-3.659734441719554
6.825110028299865,-3.6493051320532297
6.804175853861242,-3.6391657079423987
6.782752704769563,-3.629110806831242
6.761000476765429,-3.6191641435364685
6.744148916183134,-3.611711589840573
6.723571569351257,-3.6030554579953087
6.703697485089362,-3.5952929004629106
6.683665494415104,-3.588170740000204
6.669407840637266,-3.5836493824876974
6.651945994299313,-3.578996958231222
6.64503671553817,-3.5774198326233604
6.627045980816297,-3.5739428350117013
6.60216439455745,-3.570609264405027
6.583814760796077,-3.5692501311184848
6.564061104408641,-3.568519161236944
6.543712037227652,-3.5684984112320417
6.527266702311417,-3.568945942163214
6.5062915812082815,-3.5701102042108825
6.4849501650938945,-3.571853883511401
6.476413735555334,-3.5727206637455815
6.445483989949327,-3.576474350828753
6.422910802447207,-3.579715621853919
6.400296311411596,-3.583358567009489
6.377346897796711,-3.5874484083544393
6.354410289558737,-3.5918842695976636
6.335230830338817,-3.595749965709642
6.310326594860725,-3.600804191279353
6.285756348386002,-3.605849361146499
6.260950294403989,-3.611004204014498
6.240852902320541,-3.615181663015288
6.215869611936384,-3.620354393351431
6.205802928234567,-3.6224185893390732
6.1667816988306114,-3.630193826705296
6.147590683341725,-3.633869122334655
6.124667005158483,-3.637959324987753
6.100043624843659,-3.6421749868620035
6.074939574216612,-3.6464326825545634
6.054968898225778,-3.649775667443465
6.030583730005643,-3.6537266954958905
6.0068108629092,-3.657334496450791
5.983338709364811,-3.660544646632661
5.964252231836984,-3.66293868257099
5.940389746211004,-3.665683134941586
5.9159047216948375,-3.668326349385454
5.890956050747906,-3.6709176856631145
5.880733949002124,-3.6719701407578333
5.845105380343617,-3.6756159565614106
5.826217502610865,-3.677751162380766
5.814226942100164,-3.6795405052924988
5.790199022397064,-3.6834809142860494
5.770859412607144,-3.68676023273785
5.74881345280736,-3.690866419330163
5.727093904341489,-3.695195875828689
5.71983141187308,-3.696566624325918
5.702575640754152,-3.699567173069939
5.685042493342927,-3.7024471257988973
5.661239867236598,-3.7061937302857157
5.6373718387890674,-3.7096776082403515
5.620617607497734,-3.711748173964447
5.598277479803678,-3.7139703826749857
5.5755731113523375,-3.715817970456942
5.55298574012467,-3.7171640244641053
5.536366665366729,-3.717714554653599
5.51682750281824,-3.717617247180877
5.493979500199893,-3.717034753392428
5.470359165026102,-3.716069883253501
5.460981338569873,-3.7155867259522224
5.429200508460271,-3.7132699565793232
5.409323231543449,-3.711106349133204
5.390141893002341,-3.708121555795776
5.371732750641581,-3.704410702629328
5.354529667063048,-3.7005024929704105
5.330383607020366,-3.6948253811802005
5.320357184116374,-3.692460914548095
5.295496027944341,-3.6866183045118532
5.261949789312994,-3.6789007531498594
5.2372148857518885,-3.673185428258244
5.212722995955657,-3.6675426698435114
5.191448578826326,-3.662373133545011
5.18280933395224,-3.660195939910896
5.150755806245431,-3.6519135895883155
5.127773442270366,-3.645759685394497
5.1056700366378,-3.639559028568067
5.0887542545658455,-3.6345517617717813
5.06838665354882,-3.628027615517228
5.0499624591822965,-3.6214459542617075
5.0430420045489415,-3.6187108353770414
5.017994425516679,-3.60789205810574
4.995478248864806,-3.5980415638809577
4.973478234298665,-3.5886555903734703
4.95145405635908,-3.5795229414135687
4.942616072819994,-3.575925405004836
4.911313539660767,-3.5634732747483855
4.888699180626584,-3.5547246918671567
4.87961439795618,-3.551270479136638
4.857132563006208,-3.542885887730811
4.825975152911227,-3.5316951797476452
4.80344041082388,-3.523906981595116
4.780687738508076,-3.5162878738077583
4.771527344197669,-3.5132742729638142
4.7392159498577255,-3.502882371049338
4.71653623470297,-3.4959484287441125
4.694063825941729,-3.4893813818353028
4.68509804667388,-3.486857180266567
4.653150597890796,-3.478175303844485
4.630037344596194,-3.472220871926588
4.60683778438279,-3.466505618803588
4.585225658103752,-3.4616701340059035
4.568787254634547,-3.4584286471463974
4.5497123216427156,-3.455417857636284
4.529085936122922,-3.452899369289132
4.51170135429896,-3.451533045154031
4.494516961254724,-3.450573461822488
4.4714814513359595,-3.449557073481524
4.4486880218370075,-3.4488354264798677
4.426291747373534,-3.4484354448848404
4.417281419392901,-3.4483648733119416
4.38627709762344,-3.448580207320929
4.363274216390165,-3.4490366450836425
4.340248664484502,-3.449610365526446
4.315681983186321,-3.450311124237424
4.295466777847386,-3.450880941672049
4.270417781242696,-3.451536710301131
4.244913007382804,-3.4521912686618417
4.219611557530725,-3.452874881203608
4.1993708810550885,-3.453439465896703
4.173944024930923,-3.4541660226503565
4.148721606213861,-3.4549549320368973
4.12317058355166,-3.455762868630087
4.1026030565722325,-3.456406263881487
4.077076898018933,-3.4571995606676844
4.061771229329603,-3.4576722240845785
4.0258975243695065,-3.4587718074095966
4.015752608733748,-3.4590796500882566
3.9800048089727325,-3.4601559336596015
3.954808490849986,-3.4609692481850596
3.929690693884152,-3.461857639484005
3.904397646900487,-3.4628024031885776
3.88401144504812,-3.463563737369377
3.859271429474335,-3.4643880280620905
3.837126311588773,-3.4646304304879894
3.8158435707127776,-3.464271336339531
3.7979349379148104,-3.463636283571567
3.777269015313472,-3.4629197052720446
3.7734264488600626,-3.4630837686519618
3.7714642817423534,-3.463301709602856
3.744078656483498,-3.4666130960965513
3.728228269210849,-3.4673672640334683
3.7094230583703425,-3.467405658851014
3.687765763669272,-3.4668021076237503
3.669326572944531,-3.4661291088448904
3.661152436723183,-3.466107364193956
3.6563190505358936,-3.4666041963660232
3.6468490633787405,-3.468282773898421
3.6396856434886846,-3.469632529184565
3.6288691917885387,-3.4718189104834374
3.616382436774862,-3.4746653444950915
3.6043181868187264,-3.4777509343566244
3.5917391203538465,-3.481355367766191
3.582499149992965,-3.4842021203085576
3.570844056516049,-3.4880554019459353
3.559583735812622,-3.492045996106983
3.5552388976912224,-3.4936511341194034
3.5400190636071227,-3.499556086663926
3.5296367624682783,-3.5037903657737717
3.519393603027841,-3.508161028477592
3.5093999931480253,-3.512597566823718
3.500902907001929,-3.516534528696173
3.4907625552361368,-3.52143684926661
3.4815413300113303,-3.5260290698922923
3.4725029069443205,-3.530646463359067
3.4650364876961164,-3.5345567962132756
3.455528280926636,-3.5396947308877866
3.4464740101727567,-3.5447132232530354
3.437574882139096,-3.54974971553083
3.4305759226535932,-3.553775329871849
3.4217327010484664,-3.558959553345592
3.412619252186997,-3.564432375320824
3.40372064737088,-3.569917425675022
3.396357982441815,-3.574565001039969
3.3872721936624663,-3.580464195631726
3.3778783299923516,-3.5867695298771234
3.368338570078027,-3.5934439294194034
3.359320160495721,-3.5999779149742244
3.3528578207187634,-3.60473337927281
3.3455884113747967,-3.6101002592233464
3.3382961266035105,-3.6154787662236716
3.3302081638996874,-3.6215263679975447
3.324203846268933,-3.6260493729117425
3.316655855305504,-3.631762223291205
3.3088059108279952,-3.6377886823047674
3.302194050741656,-3.6428508375441733
3.297146953590685,-3.6466674092542837
3.2900857269026638,-3.6520168161450615
3.2835487985484173,-3.656968494400542
3.281177080198746,-3.658741781657436
3.2712057662613754,-3.6662014183255685
3.264402910865657,-3.6713049061449214
3.2574594222598563,-3.676473920316241
3.24953284761543,-3.6824414066314453
3.24340121220694,-3.68708979603568
3.232747803369609,-3.694860812098745
3.214740572831631,-3.707402291991808
3.204084077534981,-3.71446000282176
3.1908384676909916,-3.72306233120622
3.1825476068875655,-3.728229039678283
3.175082077869086,-3.7323007177173997
3.169491504925313,-3.734983450723799
3.1697443520097526,-3.7348668978474593
3.1695829936688593,-3.734940070157477
3.1705551393996685,-3.734509947931538
3.1711803905072986,-3.734234120202074
3.1715510080815807,-3.7340708899728488
3.171503706798521,-3.734089052952244
3.169611565908114,-3.734878334863868
3.170079420409963,-3.7346850358657453
3.1697516033810533,-3.734819571699021
3.165073384317752,-3.7366859612863945
3.1504020705688696,-3.7422544561207074
3.12696783587903,-3.7509828326776433
3.103224982550845,-3.75975250749901
3.0938396716329697,-3.763197847313092
3.061137837055737,-3.7752522073716386
3.038403285275867,-3.783683580368715
3.0295638428682925,-3.786926621635945
3.0080992411255147,-3.7946293762733494
2.9775578263674207,-3.8052077489247558
2.9565167361126465,-3.812198784949128
2.936282624739938,-3.8185588730498434
2.9282816668165847,-3.8209566577019007
2.899148105310395,-3.829176957113003
2.88105012716774,-3.833693635068755
2.860968578679825,-3.838065913852693
2.84388393023299,-3.841010556382197
2.8277743412606884,-3.8433229621827927
2.8057140904982094,-3.8462038740472684
2.7882182291275805,-3.847753450869923
2.775439531703198,-3.8478347136103346
2.7694981258457636,-3.8475544729887523
2.750525911989454,-3.8453496454386578
2.737251920486449,-3.84243445967038
2.7263106043975456,-3.8390170981727016
2.7086875455448114,-3.8323108294729202
2.694327156902218,-3.826307340362388
2.6855736252501305,-3.8223220582669812
2.6894315917934564,-3.82416953806563
2.6962290199769012,-3.8267980533532446
2.702661750219025,-3.828868573477749
2.6938534941668864,-3.8259211193111597
2.6900677909107222,-3.8244130599729145
2.672622818735003,-3.8164297559849643
2.673850608733955,-3.816905253432127
2.6790426860101917,-3.818770370131157
2.679979611906659,-3.819091686826372
2.6749932920604915,-3.818385674932047
2.675043908293315,-3.818388389525334
2.6766832658597335,-3.8185263429798546
2.6726366751541084,-3.818375478192009
2.670814335557155,-3.8183702910850155
2.671775795114064,-3.8183447865838374
2.67286315932748,-3.8182986334499427
2.672610801029473,-3.8183180283146188
2.6712777113834636,-3.818467207108413
2.6700258627135915,-3.81865247294225
2.669826118454645,-3.8186857082344123
2.6655822478895836,-3.819654614109672
2.6601055715678883,-3.8213031570586478
2.654187441367478,-3.823540486204822
2.643613340353933,-3.8277731324297353
2.625782283039427,-3.8345741374579148
2.609190085287874,-3.8405674981482
2.5932307545133666,-3.8461499140930573
2.5793356722720677,-3.8508067984032395
2.561619697623049,-3.8563999588305165
2.5449084819197356,-3.86147335309813
2.530664229249848,-3.865871930361715
2.5179775661573034,-3.869991227915679
2.5185114979885026,-3.86992914945289
2.5325155112637097,-3.867296885102183
2.5535947596915953,-3.8639920279794997
2.5648143853712098,-3.86203682830583
2.574685400813031,-3.859681071632337
2.5722438296214873,-3.860522647607348
2.564774848391954,-3.8637122361037006
2.5599524419063675,-3.866122459424551
2.534310146892878,-3.879841201090346
2.51726244032639,-3.8888052501660653
2.510940198545288,-3.8920626736873265
2.520905191226246,-3.886042494720246
2.5267387794303393,-3.8821559506879195
2.528143476164437,-3.881075508935311
2.527689889090499,-3.881586097981715
2.5264830267353227,-3.8834266854871715
2.5232398700629193,-3.888800960606702
2.5150843165112833,-3.9025016946904647
2.511287025551272,-3.9097412384216903
2.50807711643982,-3.9168169728096434
2.5031921582623995,-3.928078826718553
2.4964192703870425,-3.9432382538124378
2.489329017138054,-3.958475673086662
2.481083302730274,-3.975517853203413
2.473534209953927,-3.9905898506239375
2.4638936846156123,-4.009681385630923
2.455563829699686,-4.0266539502216485
2.4523226037665125,-4.034241339198691
2.4464644720842377,-4.049044722541459
2.4414505992757958,-4.0619770357654295
2.434609650196162,-4.079630253576776
2.4317483236286384,-4.086936239779736
2.4248682581566965,-4.104492736568744
2.414143594289314,-4.131143127158018
2.405933419869852,-4.150809736030675
2.397445705843334,-4.170496001147263
2.388756214439275,-4.190038678201474
2.381843749423513,-4.205357595541124
2.3734448584048926,-4.223893308568009
2.3651552554668602,-4.24217287475228
2.3570780593462257,-4.25999293079911
2.350635864271747,-4.274218936456509
2.342476748804633,-4.292224174935702
2.3337876067623595,-4.311183880027248
2.3245097023441756,-4.330846687272701
2.3160430121450797,-4.348541150297171
2.3049865939443492,-4.37161836496048
2.2939818440652435,-4.394523856591155
2.282880420536829,-4.417523256246104
2.274042956295132,-4.435713313277003
2.262864888282489,-4.458591081357437
2.2521549525219213,-4.480683280331067
2.2419524237823296,-4.502260711966483
2.231682509406379,-4.524337765033499
2.2234646283957935,-4.5420933817770806
2.213035291065189,-4.564570828261459
2.2022599934847986,-4.587585135094819
2.197978264479733,-4.5966195816294535
2.182895270353917,-4.627842905292658
2.172049352655437,-4.649727454837886
2.1570033143956078,-4.678532632220173
2.150458454298236,-4.690473803032209
2.1416274099932755,-4.706066361965216
2.1302756503299345,-4.72514117684485
2.1188741884193116,-4.74323585379078
2.107547831430641,-4.759804799986922
2.0988131449436853,-4.7715392541392
2.0872649035917363,-4.785635233590557
2.074227125818421,-4.800290546678446
2.0593032813942718,-4.816101011430279
2.0469123646673024,-4.828693493861431
2.0310711448375622,-4.844097633775868
2.014495224511195,-4.859611750842265
1.997107327372683,-4.875365149675067
1.9786679114662349,-4.891804005317078
1.9638099148523602,-4.904880665248123
1.9454876555517253,-4.920685303119061
1.9272506065437234,-4.935925327656907
1.910695745757397,-4.948980058870931
1.8978805442894324,-4.958424995002237
1.8805298958988614,-4.970447660010432
1.860843696468864,-4.983672634793059
1.8413781473076576,-4.9963132446773475
1.8254085088071021,-5.006434763635577
1.8050826426550177,-5.018994373620843
1.7845962243379803,-5.031339510792653
1.7642098089250449,-5.043207661790595
1.7477807413737654,-5.052513791098319
1.7267851423849518,-5.064129262784201
1.7054287951914069,-5.075718515591192
1.6838836128057064,-5.087170055291163
1.6754973224381688,-5.091560842672572
1.646071980243732,-5.106453353861351
1.6246355996817903,-5.116891308933035
1.6030442389974637,-5.12706422777244
1.5811306609211215,-5.137084067872748
1.5636992681366828,-5.144852749337185
1.5419458625751654,-5.154235612619673
1.5205263671058686,-5.163041768266611
1.5120351892301098,-5.166416312757929
1.4816857936436505,-5.177966963078186
1.4592026116652317,-5.18612796234737
1.4367661105795817,-5.193890111351616
1.4153087531006263,-5.20082903385959
1.3978768155383028,-5.206141881306502
1.375152179549983,-5.212747858186697
1.35300859095654,-5.218803336093654
1.330826779338196,-5.224414949385025
1.3129927004952655,-5.228627033149128
1.2904659401015428,-5.233547382888281
1.2674970666457965,-5.238211302199005
1.2581463721524389,-5.239981708569284
1.227740113879095,-5.245058530904964
1.2055514381561274,-5.248125047911276
1.184272081602645,-5.250508779567012
1.162880169274768,-5.252254002911163
1.1454975422757494,-5.253288857024886
1.1242737083660241,-5.253970630872539
1.1045830500204263,-5.253843045617795
1.08562811025569,-5.252835818488679
1.0683446450735261,-5.250946941930337
1.0561920510079275,-5.248896708783693
1.041016337126956,-5.245326005176993
1.0236321167508686,-5.240209282998449
1.0152074938020021,-5.237638546543576
1.0043455695207282,-5.23467136554368
0.9944303359094181,-5.232892764552882
0.9723563329767732,-5.228940022026458
0.9634481832791095,-5.227148603548997
0.9634226111343507,-5.227147696067202
0.9635475914995053,-5.227167634393504
0.961177934003916,-5.2269567910803145
0.9598378717110755,-5.226897130990987
0.9603946955681283,-5.226896311202107
0.9597882729490712,-5.226932795606188
0.9562622643072642,-5.227280992368234
0.9520230072841463,-5.228013888813946
0.949971434404561,-5.2284659447897175
0.9416365227002081,-5.2310555062692075
0.9361312317187909,-5.233371338844205
0.9312423442479323,-5.235927148215529
0.9259687195558401,-5.239282195826431
0.9224005905013684,-5.241905261319108
0.9185470342713473,-5.2451869267292714
0.9145171158705102,-5.249244914832658
0.910072539896972,-5.254599374931814
0.9067039525261968,-5.2593453778774615
0.9030943768191065,-5.265442961502808
0.899908110381193,-5.2722215669637045
0.8980839426027061,-5.277024007883602
0.8969215196970759,-5.280823235404046
0.8957504224132571,-5.285955025077328
0.8956666373381235,-5.286147058421565
0.8961670299794019,-5.278090189304288
0.8960214894110333,-5.268932600805969
0.8958327367872684,-5.267400419680302
0.8957574432194855,-5.267158827532536
0.8948713291461784,-5.2654531823549195
0.8953318509310667,-5.266024365978754
0.8951055173577943,-5.265821574268745
0.8941347035065017,-5.265091982808953
0.8927096104243994,-5.26432382790951
0.8910990795997248,-5.2637200441638266
0.8900635219185792,-5.263483187362252
0.8893335092578439,-5.263408771318476
0.8891322513708991,-5.263429645490049
0.8889118978199242,-5.263486535692532
0.8893227059989909,-5.263289931714336
0.890735791713751,-5.262354617811535
0.8943072779028537,-5.259251102329903
0.900213063952144,-5.252754283344805
0.9057805793022171,-5.245512186744123
0.9124311243509717,-5.235167513150878
0.9180405797934216,-5.224621354842106
0.9249602687675686,-5.209612259514691
0.9311418385493008,-5.195436858427555
0.938626066140225,-5.177278014971208
0.9425317029698647,-5.166714197369941
0.9428117661879267,-5.1657413474187175
0.9445254596594024,-5.157593841197492
0.9451420506843373,-5.153107015941069
0.945322421901573,-5.147390371738443
0.9453716049205536,-5.146628345596111
0.9457111883125959,-5.149033761369959
0.9462143726037391,-5.1513326153615475
0.94731274897537,-5.154833687388016
0.948721322688549,-5.158166701183062
0.9491851307135937,-5.159095023629689
0.9493728825405923,-5.159306471381
0.9489260933704726,-5.158723536642794
0.9422662923974443,-5.149390308491376
0.9344426765934364,-5.137876307308394
0.9277420740417304,-5.127380488425322
0.9200850874001479,-5.114530460355117
0.9135298525347071,-5.102971924611893
0.9056234253241676,-5.088833845086528
0.9013962371604343,-5.082255466841213
0.8911663546373318,-5.0681015938312495
0.8776677082680633,-5.0504169631572955
0.8646601829038986,-5.03443998802639
0.8534951309381906,-5.021308746089804
0.8392945349037162,-5.005452371065487
0.8250335537493961,-4.990478505532928
0.8104282632842079,-4.976091380279523
0.7949585141699665,-4.961581101719456
0.7824899016731249,-4.950464863058751
0.7668540622200349,-4.9373620069200905
0.750744271842851,-4.924723941065462
0.7546618324368973,-4.927384616232723
0.7410488953735013,-4.918012080233504
0.7279258007284438,-4.909315338866159
0.7274566043792998,-4.90901547203816
0.7283987838850075,-4.909456458321044
0.72827212744725,-4.909429135416328
0.7246576949734537,-4.908113820402127
0.7198092623898406,-4.906849724544852
0.7129998237136116,-4.905849881338122
0.7086586555398359,-4.905534745073347
0.704837758207876,-4.905445616149722
0.7111123928234901,-4.9052843073752985
0.718457256839867,-4.904742565425967
0.7219470445150197,-4.90430023885574
0.7253153910086739,-4.903726080266217
0.7158420488684375,-4.905231079799454
0.6978587555037443,-4.907668789123878
0.686945083437559,-4.908651737320815
0.6802441975952913,-4.908938548898724
0.6767516111135401,-4.9089824703397404
0.6756130604481022,-4.909013546989843
0.6787883077771318,-4.908722918504632
0.680117490258562,-4.908541873940352
0.6779584949583302,-4.908819796003563
0.6636348151176479,-4.910039860631262
0.6522019352828259,-4.9104185091377275
0.6498733687186632,-4.910427299723359
0.6509108957969593,-4.910407905484171
0.6512880634561002,-4.910364163254815
0.6565766458674815,-4.909458491398003
0.6593870278391603,-4.908927494431079
0.6531609080541925,-4.9098998348638965
0.6397974738240704,-4.911326427205248
0.6244376984755677,-4.912261856028249
0.6158927952322389,-4.912677002909533
0.6148314635531349,-4.912737400693075
0.6155642072519365,-4.912694307512306
0.6167262649715581,-4.912622226024692
0.6181404646895684,-4.912527078625265
0.6193270002203294,-4.9124417256577475
0.6208662406397648,-4.912321235210061
0.6222534864079459,-4.912205231934435
0.6232369634355749,-4.912120543778115
0.6238925525236164,-4.912063365127461
0.6245733545941518,-4.912003964570661
0.6252037266157122,-4.911948961006954
0.625884527448714,-4.911889546268572
0.6267668632314123,-4.91181045500947
0.6250494710007412,-4.911925012173558
0.6189540641912581,-4.912149430380017
0.6163219610419176,-4.912182222726401
0.615638578610972,-4.912186328534638
0.6043004784876905,-4.912054760923296
0.6033135401295908,-4.912023715493598
0.6055842188093497,-4.9118480224628405
0.607113819916859,-4.91163913213814
0.6056612483112501,-4.911853046383509
0.5908767678036273,-4.913765470696731
0.574626098872695,-4.9150003464696495
0.5627836817371448,-4.915190705967997
0.5599492680165797,-4.915144161409574
0.5594175479948915,-4.91512704293306
0.5595198950625763,-4.915133953846541
0.5623338347837031,-4.914621846109289
0.5599293418949516,-4.914973871482408
0.5464467220990556,-4.9164742159454775
0.5329497838334298,-4.917145852499813
0.5179690369412128,-4.916896287832029
0.5128851013206738,-4.916706653483407
0.5087088756191926,-4.916724466907122
0.48557505911823146,-4.916641707668942
0.472860131071349,-4.917215937522884
0.46774930746724486,-4.917744279361118
0.45739225781868653,-4.918715593419092
0.4519592905043867,-4.919020327974897
0.4459615759085608,-4.919114691771186
0.445430051678182,-4.91911536351093
0.4468980256268348,-4.919103720109196
0.44163421354687604,-4.919187987345992
0.4418354232454106,-4.919158795457019
0.4426916408900862,-4.919072572333116
0.4438991552935357,-4.918938617027044
0.4342647785865951,-4.919752187302824
0.4209405191237222,-4.920781948718457
0.4062344441434641,-4.921630286761386
0.39391274381331115,-4.921935172481995
0.387940017353723,-4.921854884445082
0.38940797649288805,-4.921862586811161
0.38723195286401896,-4.9219170181614125
0.38399489096093625,-4.922047155499691
0.3842724916923806,-4.922025862099582
0.38487782766016604,-4.921975159643911
0.37591118923964284,-4.922553326509902
0.3710832390670066,-4.922800859280162
0.370526882062537,-4.922823929895141
0.37166483670217426,-4.922775604490954
0.37300484378734533,-4.922713060653528
0.3734852093658169,-4.922690339302025
0.3725747301038347,-4.92272615714146
0.3726506171221242,-4.922723542378134
0.3740164976737283,-4.9226740721257665
0.3752302902301559,-4.922621908010263
0.37732819662385314,-4.922511903553159
0.3782892362431335,-4.92247353636486
0.37894685113479226,-4.922448856316996
0.3796298445447319,-4.9224256610936985
0.3798069640609949,-4.9224212352240135
0.38097109296929754,-4.922401953597298
0.3799334594922808,-4.922416607362076
0.3786182225150336,-4.922464997086134
0.37816321458494745,-4.922488101203901
0.37909777400420064,-4.922427869296372
0.3754048926516201,-4.922560860520034
0.37322845955610356,-4.922594529079946
0.3707483158241335,-4.922566641912429
0.374011310329529,-4.922682954508975
0.37449213592235386,-4.922679130527123
0.36995061421001535,-4.923037139355261
0.3688169903122277,-4.923147451010779
0.3680616050448283,-4.923224656999539
0.3642256015945996,-4.923516289970064
0.35650920472646425,-4.923725215684806
0.34858775278003823,-4.923828741278511
0.35147073186535455,-4.923710408098043
0.35073752507582595,-4.923744729682067
0.35106615645711325,-4.923728357396993
0.35220361576093917,-4.923669506930719
0.35270913699818485,-4.92364303777325
0.35339159051253366,-4.923607301431268
0.3539982175574205,-4.923575568255574
0.3566300856214196,-4.923530103901414
0.3606777277428816,-4.923643498323244
0.36100735936804135,-4.923644345297488
0.3494940506225795,-4.922298083069412
0.3356150910629092,-4.920486022131098
0.3188663941497878,-4.917997576916887
0.29600558797824644,-4.914138492525976
0.27681564299012096,-4.910202467016871
0.26104787816564273,-4.90598181747022
0.26035018443688435,-4.905753835448323
0.25375958203391924,-4.903437709075729
0.24608493522378275,-4.900550736001292
0.23495777590211822,-4.895194139916283
0.22192785597690834,-4.888110992623249
0.2089727595588324,-4.880583067462268
0.20263139238216832,-4.877364212169715
0.19500491706896156,-4.874084985837976
0.1857839989626239,-4.870156229235613
0.180633404678436,-4.867847977758816
0.17344759673772384,-4.864395205958783
0.17952923560586917,-4.86817853000138
0.1741424888685974,-4.864906810750406
0.1684696478130557,-4.861885890831909
0.15867664703327147,-4.857313960142753
0.14938400545556435,-4.852927264837314
0.14557767668048294,-4.850867167130593
0.14304184640172837,-4.849544319849257
0.1331259335357956,-4.845064756179235
0.12373534293654552,-4.841788121220826
0.11692575879226484,-4.839825587676059
0.11476904768442847,-4.839269172062618
0.09870400902240019,-4.835497543093727
0.09302956306292992,-4.834449202667065
0.0861753716837247,-4.83416844743259
0.07752171576808498,-4.834327269551267
0.05727941880347525,-4.835442021936982
0.036978466528649626,-4.837177684977332
0.01514759084458512,-4.839405421145797
-0.008761132158511296,-4.8419631932038705
-0.028692975468106605,-4.844100012387166
-0.04675253994326037,-4.845886397912425
-0.0665078293477517,-4.847756074676925
-0.08837461380307067,-4.849879491610194
-0.10186508543285734,-4.8506777826106955
-0.1193031157659368,-4.8508227909004775
-0.14311931465908773,-4.85059039680445
-0.16343470526174986,-4.850005592659523
-0.17803529155325865,-4.849095069649358
-0.2009965290598404,-4.847281793338087
-0.2237054823696438,-4.845488951587985
-0.24696509211424825,-4.843944009290128
-0.2618658418358106,-4.84296531754387
-0.2842881039457053,-4.840803452175548
-0.3042045527516628,-4.838318081234394
-0.32767623300392074,-4.834924477197494
-0.33864003400365894,-4.832837401410244
-0.3475832785707289,-4.83053006726974
-0.35626537098436034,-4.827305202286718
-0.3635880889481288,-4.823674745056414
-0.36168544390918883,-4.824732108810416
-0.3698077997112507,-4.820493453276441
-0.38454382623804706,-4.813235485008633
-0.4004370155232591,-4.804069451820345
-0.40103611126352445,-4.803804336010309
-0.3978259547159139,-4.807210949520887
-0.3957237237802931,-4.810029901742711
-0.4048585738533095,-4.794820523686802
-0.413064345224984,-4.780241267998052
-0.4230247811435905,-4.761343854962882
-0.43260625152379506,-4.741940236911148
-0.44177666350478906,-4.722004482231333
-0.44704692809167096,-4.7091498700386065
-0.4507486855866138,-4.69773948868473
-0.4525674454014387,-4.690785610859959
-0.45394316548354235,-4.684092138018194
-0.45537459100901606,-4.675811831422169
-0.4578044037421013,-4.663005815999238
-0.4611138722678295,-4.647769780748714
-0.4632425880154921,-4.637536134810888
-0.46450410486788996,-4.626982626642703
-0.4653284448011852,-4.614634771942037
-0.4656255970402886,-4.59565450628714
-0.46534716801562415,-4.573813503855334
-0.4646346897779759,-4.550766624275596
-0.46386886858850274,-4.531064498970589
-0.4627737646215713,-4.505549514888089
-0.4614720551824131,-4.484202328301494
-0.459391313845349,-4.459434566278769
-0.458632762658005,-4.4531800380919515
-0.45881789959328506,-4.453784640910393
-0.4527900627233447,-4.439957839677998
-0.4459756561870701,-4.426816802066948
-0.4465946013690825,-4.427680124769487
-0.4484180064998824,-4.429575741738364
-0.4501526294371032,-4.430889032255079
-0.45212607258914844,-4.432024859079324
-0.4472772698830972,-4.429554581141678
-0.42005970215182853,-4.415513583095898
-0.3977287589299203,-4.403925000994193
-0.3755254936677836,-4.39231050302618
-0.35381113914951134,-4.380799691613845
-0.3359471758294454,-4.371266466641883
-0.31400513683792625,-4.359483365296979
-0.29182171009456276,-4.347507922134592
-0.27059344912467514,-4.335842627183924
-0.2536433753325459,-4.326378486077577
-0.2322376203379733,-4.314252102049523
-0.2114627503596821,-4.302246246467302
-0.19036427724527133,-4.289840612297538
-0.17366475107773963,-4.279891545999829
-0.1531365802763537,-4.267419925813666
-0.13369711698095474,-4.25520864322227
-0.1145771813246039,-4.242733041458025
-0.09520544770029886,-4.229675557926093
-0.08079609271478413,-4.219585760802591
-0.06201642106855209,-4.205990081991582
-0.044097972683411146,-4.192464309896531
-0.026046506054666616,-4.178322594850847
-0.011806841304171166,-4.1668290564714106
0.005397285344368803,-4.152405621340665
0.02157215234772082,-4.138105832350492
0.037566906153368156,-4.123230622748058
0.04985092970597514,-4.111284542746086
0.06482121063964161,-4.095939711984018
0.07925698551477289,-4.080331271393669
0.09284566755965683,-4.064677722964368
0.10357281925504432,-4.0516751001715905
0.11636779263867078,-4.0352378817250525
0.12851274343205904,-4.018627013438602
0.1331024533757576,-4.012483684099237
0.13065762603496725,-4.014975083987393
0.12755295168898018,-4.0173694092902545
0.12426963610645003,-4.019221548077213
0.12188268377130519,-4.020131301142952
0.11799304580049538,-4.020935551406553
0.1049458613912347,-4.022842006958803
0.08994788580783647,-4.0241931119774685
0.07060094357490539,-4.024959781818522
0.049670561476102146,-4.025158908970077
0.034616190265995564,-4.024807374939386
0.018489222336221446,-4.023594277425318
0.0010956814494495395,-4.0213358116081075
-0.019438087197141293,-4.017989253075436
-0.0354931056782322,-4.014896649351143
-0.055607004715387584,-4.010325227389225
-0.07159594581520107,-4.005850928655582
-0.08905128430825573,-4.000191930541799
-0.10693660566234499,-3.9940616802315456
-0.12388289139135522,-3.9875711046652813
-0.14076568604006354,-3.9803172550537202
-0.15450026047842189,-3.974202062569618
-0.15597125853074031,-3.973657898012265
-0.15606754488300323,-3.9736204140313536
-0.15399319035010967,-3.973644959951575
-0.15025845994846304,-3.9731396516079687
-0.1469349318107426,-3.9721586323260634
-0.1420674706806167,-3.970089881563683
-0.12343135098889099,-3.9613053841317285
-0.10281375957074324,-3.951152258188998
-0.082408768853047,-3.940689176180407
-0.06654062993869922,-3.9322009997399197
-0.045951102416661956,-3.920845020321559
-0.02564485005464641,-3.9092431464603243
-0.00580565423611033,-3.89749269359145
0.010215614772374327,-3.887742296706934
0.029215686130607717,-3.875688715901826
0.04797795372583733,-3.8632680265167627
0.06661747349137877,-3.8503948091442024
0.08149790874966929,-3.8397873926183976
0.09999545884312909,-3.8261489988443738
0.11777915845578936,-3.812487938997637
0.13521194480875004,-3.7984626816610967
0.14882160328926292,-3.787079631201277
0.1654411075226337,-3.7725571474013644
0.18193583595453058,-3.7575146336815806
0.19782097230372636,-3.7423020373756546
0.21291263665872326,-3.727041000641502
0.22447206461549357,-3.714772254634994
0.23908563432459987,-3.698537789790257
0.25350191956437323,-3.6817594197535315
0.26680653006304134,-3.6653390984987633
0.2768844077072711,-3.652176198146655
0.2886828008993949,-3.6356895562897735
0.30037425744221463,-3.6181754334029788
0.3114144321171761,-3.6004520589193825
0.319875899857149,-3.586049044894624
0.32993544022185106,-3.567751181968512
0.3395425147326381,-3.54904061851997
0.3483993378802003,-3.5302994570908406
0.3547286670454749,-3.5157194092769624
0.3624745005739129,-3.496328672826107
0.36937462686604067,-3.4772117588348563
0.37595857896007917,-3.4570762621111433
0.38102906031344347,-3.4403909492470715
0.3869026180669575,-3.419378919151114
0.39243786826114435,-3.397909025954858
0.39734166675424515,-3.376701815352082
0.4009272883781272,-3.359583971886445
0.40482731587361265,-3.3384781197313287
0.408521555932517,-3.316205407624179
0.41190236166906463,-3.2934734852193133
0.4150320687400193,-3.27022028683425
0.4173172502803575,-3.251706897091435
0.4199985998070828,-3.228091938049402
0.42252743306800933,-3.203874785840212
0.4249113361732526,-3.1794394594523183
0.4266925570730081,-3.159879357063061
0.4286118099624714,-3.136215694365274
0.4302985597071239,-3.1123313313835785
0.43179984560098345,-3.0881556224517
0.432881091675168,-3.0686964418698457
0.4340646368639313,-3.0443510589154132
0.4349746522432675,-3.0207031458615434
0.43554802329783626,-2.9973232432230623
0.4357310254854063,-2.9789741489136814
0.4354991622825406,-2.9568793633157746
0.434902822554798,-2.933196162866903
0.43388428013897246,-2.9108957127167274
0.432365947551654,-2.88882684911904
0.4308347992529512,-2.87300606822856
0.42824363670135457,-2.851317434541588
0.42515068455986016,-2.8308975297165087
0.4214111084812023,-2.81089510216838
0.4180608332977761,-2.7962406984970993
0.41439716858278824,-2.7843943907090547
0.4106130686796615,-2.775748348695635
0.4013401282554785,-2.7569543012112443
0.393967504365227,-2.742246843999998
0.38495064462049833,-2.7244850770495628
0.37581538952853794,-2.705455479671188
0.3671443434177344,-2.6854641829140298
0.3612264649716011,-2.669305093756968
0.35571819998624893,-2.650587040869056
0.3514651252766707,-2.631387940222234
0.3486581523592678,-2.612794972499609
0.3470941340325194,-2.5965713536148645
0.34641709959737116,-2.583833753227539
0.3463190916785082,-2.567585406426538
0.3470694747778142,-2.5518106682182284
0.3486516602811714,-2.5361230655878617
0.3503863976085682,-2.5240737652726373
0.3533099333395546,-2.5089147408090637
0.3570425251260755,-2.493595167253824
0.3617863214881559,-2.47797580828785
0.3660030052544732,-2.4658292515087545
0.3675253274692169,-2.4613744127807475
0.37159532185648525,-2.44976631000964
0.372515920077477,-2.4469784760421898
0.37317816279396837,-2.4446934110757557
0.37366833769961133,-2.4427289226307876
0.3738201196641891,-2.4419075792534657
0.37702322068318117,-2.4269604447439406
0.38134005777513,-2.411060376373176
0.3850637680490421,-2.3993639820224075
0.38992737979013475,-2.385889109360221
0.3910130232837621,-2.3827295736819316
0.3917573684415395,-2.3802312147690596
0.39202985700891574,-2.3791775906468344
0.39294520571819297,-2.3750769378029464
0.3969951600498709,-2.3598389653485716
0.40124623508040147,-2.346238114488521
0.401808299974469,-2.3443456445554456
0.40303927189037164,-2.3397231823764852
0.40409234787485965,-2.3351606601868227
0.40799846085789937,-2.3189187323209444
0.41138516260145974,-2.3052074649479803
0.41578512727348077,-2.2880450948125666
0.41952360982904985,-2.27353552811468
0.4196148391699951,-2.2730633172895867
0.41969525280267755,-2.272028994001076
0.41953577451097596,-2.268970587820837
0.418222327057477,-2.2529013736677195
0.4165340983417319,-2.229930819269622
0.4152513725090248,-2.207162165312064
0.4143844634403739,-2.188629716775426
0.4132445085131213,-2.1630406813265055
0.4122211542185229,-2.138358732272324
0.411880009242233,-2.117354268229763
0.41205942414565677,-2.1008278156199185
0.4127853929748497,-2.0784650120324333
0.4136709438878364,-2.0531951502082793
0.41449284328212976,-2.02815105726302
0.4151391701321582,-2.0077862086147755
0.41592229912271217,-1.9823104052692913
0.41644716695859213,-1.9586254662443783
0.41674891115736884,-1.934658189696202
0.4168668992889995,-1.915118759115128
0.41674818545168263,-1.8915296010017826
0.4163618240316685,-1.8678420085797423
0.4157047888671052,-1.8440591188402224
0.41477617903831987,-1.8204373036039907
0.41386352321296876,-1.801172172651039
0.4126344624080813,-1.7754859036004962
0.4113908702081536,-1.7503071665750676
0.41000483818937145,-1.7265048979078739
0.40873678562416427,-1.707336022497568
0.40697879206299137,-1.6830253196887526
0.4051923115080613,-1.6581330188192083
0.4035824107470123,-1.633888172163847
0.4023875473070584,-1.6151964159589378
0.40090561591605417,-1.591932428783719
0.39941575569222043,-1.5675023871668683
0.39795136117915414,-1.5421580422848993
0.39678029833800305,-1.522171569089868
0.39528325461335956,-1.4967784202849228
0.3937998544071106,-1.4712323494146622
0.3923344291023436,-1.4456091842853735
0.39116564516143165,-1.4252422797546391
0.3897190544955448,-1.3996180449313387
0.38829998323120685,-1.3740936691994716
0.38686265550594334,-1.3487731286957392
0.3853775305321991,-1.3239370911446215
0.3841602329462166,-1.3035476735383913
0.38266405323816255,-1.278053056182052
0.38120199377901526,-1.2525057570075304
0.3798168965553887,-1.2271823060027929
0.37873312658292224,-1.2065825942161956
0.3775102810601139,-1.181478854632955
0.37631216797075256,-1.1558924770487182
0.3751389358598263,-1.130178261110271
0.3742274243408898,-1.109798222666697
0.37313015828501805,-1.0843339958053761
0.37208395535575506,-1.0589436123496878
0.37105865257159126,-1.0333750597042324
0.3702990101365814,-1.0132420805788203
0.3693228810321101,-0.9892675104974943
0.36810268490202686,-0.9678641949449455
0.3664525342489136,-0.9444594433601518
0.3648756906514709,-0.9248819559672165
0.36302786428540046,-0.905709366950506
0.360811930271566,-0.8826309188046768
0.3584309549563844,-0.8583224344231388
0.356140375577385,-0.8336494134019973
0.35450192776703887,-0.8142800494033141
0.3527210465572611,-0.7903263888546418
0.3512442825547936,-0.7665042064409406
0.3498438061024772,-0.7413590665906207
0.34884993401517506,-0.7215150978905434
0.34784615210698017,-0.6972376094099675
0.3470151821601486,-0.6725990672844847
0.3464048670292226,-0.6482831897498342
0.34596719550664723,-0.6280646933319568
0.3454689161957338,-0.6025817037534345
0.3449958312917149,-0.5769463447658565
0.344528335000918,-0.5514880889473408
0.34409229217682924,-0.5318518646472797
0.34337347447737787,-0.5076909068069936
0.3423913726569712,-0.4844259774445843
0.34101553676882435,-0.4614344943058798
0.3396845381566796,-0.4426252020847483
0.3377242553887544,-0.41980322422086497
0.3353882700200343,-0.3967113172977382
0.33270067925784336,-0.37432040100543185
0.3302471634299264,-0.35562429480765373
0.32688987772765343,-0.3314313610225063
0.323370622404426,-0.30751729262698846
0.31966229057929213,-0.28473391572637063
0.31559797655113236,-0.26162569816501297
0.31212639966542033,-0.24278266706827614
0.3075518525394712,-0.218764320952875
0.30281648024324836,-0.19490619341927004
0.29788322099992526,-0.170933119719449
0.2910539553599666,-0.13918593071953916
0.29054861373530894,-0.1368869209297678
0.29034763704962685,-0.13597224503242364
0.2903367757942967,-0.13592280257587164
0.2903422064779564,-0.13594752379185485
0.2903422064779564,-0.13594752379185485
0.2903422064779564,-0.13594752379185485
0.2903422063689174,-0.13594752381580802
0.29033677567346966,-0.13592280260241438
0.2903422067019277,-0.1359475237426508
0.290342207117452,-0.13594752365135787
0.29033677531099145,-0.13592280268205498
0.29033677531099145,-0.13592280268205498
0.29033677531099145,-0.13592280268205498
0.29033677531099145,-0.13592280268205498
0.2903422062687217,-0.13594752383782957
0.2903367752225817,-0.13592280270147775
0.2903367749868237,-0.13592280275327723
0.29034220594750093,-0.1359475239084044
0.2903422064691153,-0.13594752379379674
0.29033677493967014,-0.13592280276362834
0.2903422066105701,-0.13594752376271685
0.2903367749426171,-0.13592280276298083
0.2903422067579186,-0.13594752373034116
0.29033677471570074,-0.13592280281284114
0.2903422066518279,-0.13594752375365274
0.2903367747392765,-0.13592280280766086
0.29033677493377635,-0.13592280276492386
0.29033677493377635,-0.13592280276492386
0.29034220671960814,-0.1359475237387594
0.29033677472748864,-0.13592280281025107
0.29034220715575804,-0.13594752364291904
0.29033677463613317,-0.1359228028303267
0.29033677463613317,-0.1359228028303267
0.29033677463613317,-0.1359228028303267
0.29033677463613317,-0.1359228028303267
0.29033677463613317,-0.1359228028303267
0.29033677463613317,-0.1359228028303267
0.29033677463613317,-0.1359228028303267
0.29033677463613317,-0.1359228028303267
0.2903422074563466,-0.13594752357686132
0.290336774695072,-0.13592280281737393
0.290336774695072,-0.13592280281737393
0.29033677467149654,-0.13592280282255526
0.29033677467149654,-0.13592280282255526
0.29033677467149654,-0.13592280282255526
0.29033677467149654,-0.13592280282255526
0.29033677467149654,-0.13592280282255526
0.29033677478348036,-0.13592280279794464
0.29034220766263263,-0.13594752353152634
0.29033677464792146,-0.1359228028277384
0.29033677464792146,-0.1359228028277384
0.29033677464792146,-0.1359228028277384
0.29033677502807653,-0.13592280274419025
0.29033677502807653,-0.13592280274419025
0.2903422081842409,-0.1359475234168913
0.2903422077598824,-0.13594752351015757
0.29033677453593854,-0.1359228028523533
0.29033677453593854,-0.1359228028523533
0.29033677423240434,-0.1359228029190646
0.29033677423240434,-0.1359228029190646
0.29033677423240434,-0.1359228029190646
0.29033677423240434,-0.1359228029190646
0.29033677423240434,-0.1359228029190646
0.29034220719701787,-0.1359475236338643
0.29034220717638937,-0.1359475236383982
0.29034220717638937,-0.1359475236383982
0.29034220717638937,-0.1359475236383982
0.2903367741940942,-0.1359228029274845
0.2903367741940942,-0.1359228029274845
