0.0
0.0
2.531068636604098e-05
2.531068636604098e-05
2.531068636604098e-05
2.531068636604098e-05
5.062137273208196e-05
7.593205909812294e-05
0.00010124274546416393
0.0001265534318302049
0.00015186411819624588
0.00015186411819624588
0.00015186411819624588
0.00015186411819624588
0.00015186411819624588
0.00017717480456228685
0.00020248549092832783
0.00020248581830200778
0.00022779650466804875
0.00022779651447417282
0.0002531072008402138
0.000253107355475247
0.00025310751689913523
0.00025310751689913523
0.00025310751689913523
0.00025310751689913523
0.00027841820326517623
0.00027841820326517623
0.00030372888963121723
0.00032903957599725824
0.00035435026236329924
0.00035435037400225003
0.00035435037400225003
0.00035435037400225003
0.00037966106036829104
0.00040497174673433204
0.00040497174673433204
0.0004049722076221626
0.0004049722076221626
0.0004049724927540774
0.0004049724927540774
0.00040497271829493067
0.00040497271829493067
0.00040497271829493067
0.00040497271829493067
0.0004049728533177157
0.0004049728533177157
0.0004049728533177157
0.0004049728533177157
0.0004302835396837567
0.00043028353969126005
0.0004555942260497977
0.0004555942260497977
0.0004555942260497977
0.0004555948913575989
0.0004555948913575989
0.000455594936616633
0.0004809056229751707
0.0005062163093416336
0.0005568376820662122
0.0005568380916604707
0.0005568380916604707
0.0005821487780265117
0.0005821488421434767
0.0005821488421434767
0.0005821490065846339
0.0006074596929506749
0.0006327703793102907
0.0006580810656688284
0.000683391752027366
0.0006833919270289646
0.0007087026133950057
0.0007340132997610467
0.0007340134951292106
0.0007340135698066168
0.0007340135803670607
0.0007593242667331017
0.0007593242667331017
0.0007593243534795837
0.0007593243534795837
0.0007846350398381214
0.0008099457261966591
0.0008099457261966591
0.0008352564125551968
0.0008605670989137344
0.0008858777852797754
0.0008858777852872788
0.0008858777852872788
0.0009111884716458164
0.0009364991580043541
0.0009364995872108608
0.0009618102735698082
0.0010124316462942283
0.0010124323447919877
0.0010124323447919877
0.0010124323447919877
0.0010377430311580287
0.001037743031165532
0.0010377435177001484
0.001063054204058686
0.001063054512574435
0.0010883651989329727
0.001088365203458876
0.0010883652426833723
0.0010883652879424065
0.001088365450120612
0.0011136761364791497
0.0011389868228376873
0.0011389868228451907
0.001138986822852694
0.001138986822852694
0.0016958211229822994
0.023284816688703268
0.04765899319374514
0.05570779145713323
0.06345205286082799
0.07355091286115177
0.08157393076943886
0.08807877716467853
0.10124017640442781
0.10921283061546039
0.11637502284115901
0.11989320824558851
0.12280381858043855
0.13044729057201734
0.15168247235398877
0.1634013201399876
0.18213122663593798
0.20721408212073544
0.23766282534988767
0.26312537347784076
0.2784889601000843
0.2984843817048252
0.33143854464862227
0.3559392372186431
0.3703157070727386
0.3888682940875946
0.41911444502199946
0.4316427755310941
0.4395143989899349
0.45082766118229906
0.46505167978729856
0.4874485710731079
0.4968388357137311
0.509113887990447
0.5240215855730994
0.5467747512471681
0.5696809214856221
0.5798305067171214
0.6052424351069218
0.6409051873910465
0.6655577931599734
0.675833931823288
0.7008914907204896
0.7342760820244736
0.7590299311258195
0.7744441391207876
0.7949204839351396
0.820484276491885
0.8558685350323507
0.8709030827318807
0.8903922435058897
0.9150195332600098
0.9505304182644145
0.9656408980230351
0.9857628665075261
1.0107192000918914
1.0464831945259696
1.072224162042118
1.0824496793327156
1.1081400247523894
1.143752158214423
1.1584576669912319
1.1771115752156724
1.2002201406949105
1.23444018721264
1.2599533584303095
1.2749625954434811
1.2945529994415876
1.327507190842846
1.3511219940220294
1.3657262600533968
1.3854685855007474
1.4105008479630812
1.445581413616914
1.4597553979801037
1.479016683774103
1.5008593328481405
1.5302180368248943
1.5508966459447717
1.5585151625399896
1.576080773708356
1.5915687199017612
1.5988322994118742
1.6012621253027064
1.6176887520483898
1.6470987093353886
1.6664604902813671
1.6771162892401348
1.6897446206869382
1.7077145373669957
1.7089041751458711
1.7147762543820573
1.7240645238920864
1.7387438837200349
1.7579283718812484
1.778556570968776
1.7879721462957503
1.8055369132279295
1.8337312052831007
1.8530427421155031
1.8610156083198006
1.8727337161465119
1.8742509072434799
1.8754405095025337
1.87824878324711
1.8818164198445406
1.884675932538684
1.8871815517874362
1.8895101349328267
1.9005455892084107
1.933930363956194
1.9578995656764935
1.9721241714124151
1.9917146414302271
2.0268711338033434
2.050384720385193
2.0647611902393037
2.0836427903858996
2.1058908725754786
2.1186221390633007
2.1188499352405383
2.1191283527905425
2.1205963646926578
2.12272243844767
2.1244182507473495
2.1257850278109354
2.1271518035742556
2.127733949326888
2.1282907844192236
2.128493269910122
2.131657068962589
2.1479041075196443
2.151599462070278
2.160610066415463
2.179795552508919
2.214496234184727
2.2382628551371635
2.2525380822458025
2.2722297887825174
2.2976417132489586
2.333253846213572
2.3581847998154295
2.367043540042418
2.3914683139316466
2.4208517947683683
2.427989046805793
2.4307479116193393
2.4467695635785494
2.472383914523049
2.4921506570940952
2.496428163089408
2.4987061188133315
2.508222873970861
2.5314074223865184
2.541531696931652
2.547985722805255
2.5567431741885307
2.5661840252514745
2.5723851434103815
2.5819778157206015
2.595392310622071
2.6249010811535642
2.636771793057737
2.6524893128922655
2.675623271440351
2.7099190445760613
2.734293156269903
2.7431772071832725
2.766260378741568
2.7983283048697736
2.821588659495329
2.835610779740345
2.8542646279774906
2.8876998178795112
2.911947438558725
2.92710853969007
2.9476355058543064
2.9832982603165825
3.0063802061056837
3.013745615837271
3.0253370370907335
3.0302234544953537
3.0309834133312683
3.0418416977809266
3.0578121417402295
3.076389204447607
3.1032421108122383
3.114505366243716
3.1285765034394397
3.1343473421466403
3.141153267765783
3.148416759046821
3.1517071482739936
3.167829714173732
3.199035943121998
3.2160177903909926
3.2220417337453524
3.232494994624943
3.2373691239049127
3.2396721110723035
3.2482271230629447
3.267944146242317
3.300542916545281
3.3177523408211522
3.327547576443572
3.3352648108876015
3.3363032190188204
3.3480979227861214
3.3661946951870605
3.3737119690368367
3.3925174317625304
3.419978531082382
3.435797635943835
3.437341587811976
3.4433397834964143
3.453965947163113
3.4570531029387395
3.457660559411442
3.4718843267149504
3.503799218820778
3.5254392728587507
3.537563091626546
3.553583926413856
3.583095213679592
3.606406187302491
3.6205801716656807
3.6395377623868024
3.6630005140087394
3.6927385856277355
3.7143283129806495
3.7227567715394834
3.742827494826933
3.774364184984
3.797928111663622
3.805900977867912
3.8276676838727406
3.856392296284689
3.8670987166161734
3.8864857725823385
3.902380012553847
3.92806526769956
3.938392027735599
3.9572978792434648
3.9708878923502655
3.9870350332665887
4.0002201616887785
4.003257444052321
4.006648969259885
4.013381084233222
4.017582614363159
4.023277442906754
4.024846705461254
4.030566843856788
4.034818969461714
4.043525677936514
4.051447922768087
4.072405139862244
4.099536538653782
4.112697590151539
4.1181393877195624
4.137020808890794
4.1416779750869885
4.14210825675481
4.142513227736607
4.14301944146386
4.143930626171726
4.145474614176316
4.15208070331702
4.156661918265172
4.162230142738206
4.181136574015435
4.1906787012008575
4.194247507978027
4.215381853621369
4.2492222277493426
4.260257564836207
4.262206487686145
4.2706349206618865
4.271045609916652
4.282131690543575
4.2909395885036945
4.307037173711117
4.316249594161323
4.319438533348795
4.323589485912301
4.329056132191822
4.334725505553423
4.338825792559974
4.342495842082577
4.349709349838191
4.355201763116311
4.355454869964448
4.355606734082629
4.355859840856486
4.3559104622491045
4.356062326804015
4.356441987099467
4.356948200824802
4.357631589356358
4.358466842006324
4.358846502301777
4.358973060475966
4.361402878118027
4.362010334599784
4.3622887520978155
4.362389994843272
4.362820276439615
4.36309869376491
4.363199936793533
4.363250558166265
4.363275868852631
4.363377111598736
4.364212363616029
4.365908179602344
4.374942088159142
4.385774345018469
4.39156943819832
4.392834972516456
4.3966314874698735
4.403161568503073
4.422142611151918
4.440214133216669
4.446744290298275
4.448010812980502
4.450642108789098
4.455577376480781
4.459576464926112
4.464537338172298
4.468030167740282
4.468536381466834
4.468916041762287
4.469472876862271
4.470156265394021
4.47038406487017
4.47099152104862
4.47245954085767
4.479344010582774
4.489390358534666
4.491592388248234
4.492857918610152
4.499539774523128
4.499615706852428
4.501741787628043
4.503285739496183
4.5035135356524725
4.5038172726395755
4.504703146292315
4.505082806587754
4.505943370833384
4.523862155300308
4.528468664101888
4.531885594539346
4.532062769343877
4.53218932293071
4.532670225131691
4.532796781007792
4.533758587089574
4.540642758277335
4.550208921709361
4.558536137522745
4.577595073357129
4.597641045036299
4.6260379167215255
4.631707510466798
4.652234476219822
4.66843320231018
4.688828047292129
4.696750292123695
4.713303158810655
4.724287098490767
4.728918950809504
4.729070815239211
4.73013386406645
4.732006854613373
4.734107640399842
4.73841048079354
4.7488891034436325
4.75083802629357
4.751622657266394
4.75660856884967
4.7578487925751185
4.759620540620516
4.76298699527344
4.7725796904809155
4.7734402537547505
4.7735161858138335
4.77779368061039
4.793104978695051
4.794092077688055
4.798799865351546
4.8045942887533615
4.816435894047215
4.818410145819826
4.824054241194049
4.826661241889413
4.830660048354307
4.838151915528949
4.859488814271492
4.86925873920756
4.894569423021268
4.9296752413020135
4.953897479175162
4.963363675874876
4.986953108076452
5.020793300050076
5.04529398224867
5.059948869652762
5.078450801822305
5.111961973403614
5.135703207249926
5.158381338891468
5.166784486763936
5.198624840200379
5.223252117648211
5.238311976034099
5.258712388831268
5.283972444897916
5.319128882422376
5.342996836297528
5.352994557410861
5.378128066231437
5.414018615900014
5.439708962330385
5.449934479620982
5.4755742033636015
5.511363507184948
5.536395770417805
5.551632803608226
5.5715776026085235
5.606329052367009
5.630956190349024
5.654165976550064
5.663581551877045
5.692635689879882
5.713542028763005
5.737409909251534
5.746597688401237
5.769604844353992
5.80179929367388
5.815517685682541
5.833513274919839
5.854672411673767
5.884233169056753
5.90493687748794
5.913264093301332
5.934043101499904
5.958994240418743
5.978305548592319
5.991188687951006
6.004198380420398
6.030673229429628
6.05426270849636
6.069069460018626
6.085951420035757
6.109389060774309
6.140241263640815
6.160641174768828
6.168386244795862
6.198400763978304
6.212650577774518
6.214472944724232
6.215080401196942
6.217206422707606
6.225533520489674
6.244313888718009
6.252691725904126
6.271927310063246
6.297919597485892
6.3163198420432956
6.334087257303219
6.341604531152988
6.368661507391386
6.374507920229406
6.375444415624837
6.375975916234673
6.3794690090443
6.396705386051718
6.406728417851417
6.421484517505247
6.448668017109464
6.46790411164473
6.487114851853726
6.49407529060351
6.512982255164923
6.538672175468959
6.558262646418426
6.566539240859071
6.58585117736619
6.610377036394604
6.633738796808757
6.643812449981181
6.668616905514048
6.703343131297653
6.728501943053035
6.743713665557105
6.764240624274978
6.798941456315439
6.823745914528453
6.848600993119665
6.8715067176373195
6.880112351000685
6.914104554595594
6.929112384361318
6.931035996524897
6.9328834223036715
6.938806104271147
6.945817148644126
6.948322906594034
6.955789558372314
6.96621753970295
6.973329839649811
6.976316500640628
6.98261885091443
6.992464689279162
6.998463291909713
7.00215865211869
7.007448578201875
7.017825958765362
7.025368535319595
7.031215280828456
7.033746349464738
7.040681474156116
7.051160094582287
7.058879853892322
7.06186651488314
7.069282545017996
7.078824612288058
7.0857597382441755
7.0885692244304535
7.098288484814485
7.103299982110826
7.110032616733596
7.114158258610743
7.119524108060252
7.128635913856506
7.135242002864152
7.135520419436883
7.135646972868699
7.136558153310209
7.137494615528433
7.139063866686374
7.140025672768156
7.141923948845373
7.145897611692016
7.149112039276996
7.149896670554253
7.1506306628415714
7.154452362187008
7.15551538286528
7.155996292282526
7.1562240884597905
7.166171106225685
7.17313155325446
7.173131553254467
7.173713697905757
7.185634896090233
7.199226401162147
7.201757551932728
7.206186922046222
7.22197958065444
7.237064367022502
7.256933255383201
7.262931888051187
7.262932289503802
7.272296922189261
7.2773335664933985
7.278396615320637
7.281282027687683
7.290571060283031
7.290625179372953
7.296471947922766
7.29778939806645
7.312038638031698
7.322036347680987
7.326566960539931
7.342968283489372
7.3560793408301794
7.366659185849831
7.367494348442386
7.369088896499185
7.371720955173704
7.37789615669992
7.38293298328614
7.389942445219795
7.3959124149016695
7.396570025319479
7.397809668196007
7.400948553141721
7.415274401530036
7.424057072326191
7.440483705017956
7.465718459030951
7.490953212954368
7.516365141684094
7.536740244006733
7.562228104814452
7.587488168711221
7.612950719069679
7.638286715934422
7.673746987309841
7.683871261854975
7.709207256946894
7.7346698071259175
7.760081733198246
7.781064218857652
7.787518442877976
7.812322913290795
7.837734842053829
7.863121458707269
7.89850579311469
7.913616272873303
7.933940753952732
7.959276750288576
7.984587436583078
8.009923433136652
8.035360672901902
8.055710464266415
8.08104646074133
8.106281215030519
8.131262860551391
8.156042017586184
8.180770551138085
8.200512875888638
8.225140153020838
8.249615553048304
8.273736609993666
8.289378612791293
8.290213865437531
8.290239176123904
8.290340418869347
8.29039104024207
8.29041635171135
8.290466972916597
8.29049228360297
8.290542904712002
8.290568215398368
8.29064414602886
8.290644146028868
8.290669465015972
8.29079603528579
8.290998520776697
8.29102384980585
8.29107448201524
8.29109979270159
8.291226326880944
8.291479454470565
8.29218800445919
8.293149596739932
8.294187183613955
8.295300514837239
8.296565644230215
8.298539174248416
8.30048738207172
8.303346455963945
8.307142138720875
8.311342154346496
8.31657947818651
8.321715664542165
8.326042160107225
8.3321397621285
8.338667453419708
8.346233559750829
8.35433009590591
8.362502532314714
8.369865215414944
8.379125659480405
8.388791079899557
8.398508282533994
8.408072476892844
8.417864334894395
8.421787491280636
8.435419109792544
8.444933859358114
8.454599363345313
8.464290018482934
8.474031379820783
8.481900185296713
8.491514931110457
8.501409250340979
8.511175814195333
8.520942455524077
8.530658462500142
8.538451398775956
8.54831917174912
8.558036347230177
8.567727003068004
8.577544153511091
8.581441999210966
8.587227405957307
8.596867774940737
8.613825212944672
8.635465427621874
8.656447481362354
8.674519040106945
8.697197227692474
8.717926552758389
8.724961540517212
8.73280504309893
8.742394497676587
8.752186391729689
8.761954184456851
8.77177148576742
8.781411864133242
8.789080358490063
8.798470004596902
8.807758688519295
8.817072745956327
8.826234630248498
8.83547203688986
8.84847520035825
8.851031579680889
8.860292449530707
8.869705933751918
8.879573613868494
8.889264318204969
8.897031943434412
8.906723116541334
8.911228414469333
8.911557453391787
8.911582764078153
8.911582764149058
8.911608074835417
8.911633385521784
8.911658696208157
8.911684006894516
8.9117599389536
8.911810560177285
8.911835871451043
8.911886492823767
8.9118867555724
8.911912066258767
8.911937376945133
8.91193785243785
8.912064398927216
8.912089709613568
8.912115037559316
8.912216275439759
8.912342863689709
8.9133298456959
8.91482274547758
8.915177095086658
8.916214696607648
8.91748010492861
8.919479358970555
8.921934156428971
8.924971004765435
8.927931903190965
8.932309985285103
8.937447271205112
8.942711385664708
8.948683820688437
8.954909315963043
8.96045150465423
8.96854966386327
8.976951509425708
8.986113056052442
8.995375397355732
9.00544760959785
9.013520483903012
9.031482822366002
9.036013435224945
9.048161351728899
9.06066290707633
9.074050267045392
9.084957392725151
9.099432882434284
9.113807964048345
9.12878981087716
9.143974130056133
9.165735947496476
9.172139551146266
9.187703624984707
9.203445613924563
9.219136124594055
9.234852118348009
9.250618550454815
9.263221618686462
9.278331449379042
9.280457546695745
9.280457546695745
9.280482857382102
9.280508168068462
9.28053347890034
9.280558789586713
9.280609410959444
9.280634721645804
9.280660032332163
9.280685343018522
9.280735964391262
9.280786585763979
9.281014377332022
9.282052085234614
9.283064484257016
9.28397564238969
9.284962734277572
9.286278864210173
9.288253041515782
9.291011838546451
9.293492218416967
9.299996514518378
9.301894815995592
9.306906186898159
9.31214535363015
9.318194435809543
9.323382970855613
9.331026574155075
9.339252391771973
9.348186808301563
9.357551520470961
9.364157580088895
9.364258822834344
9.364258828233748
9.364663799060907
9.36570153476002
9.36671395904727
9.367574519634715
9.368612254377286
9.369649985143852
9.370637093171956
9.372130333265616
9.372687168365594
9.373573001411359
9.374585370789768
9.375471201913866
9.376407606625275
9.377470535909397
9.378913042666355
9.381038797958096
9.383164501764998
9.38539154615488
9.387719601581546
9.390907943151554
9.393665987343542
9.397765118651723
9.402952742508615
9.40819048396932
9.41355475276242
9.4184128790085
9.424738624899245
9.431823488927591
9.440377008208051
9.449613155600595
9.458976188019964
9.4672006797634
9.477703661976117
9.480538458400328
9.480690322518434
9.480791565206225
9.480842186428879
9.480867497115238
9.480867497115245
9.480867642431244
9.480867830032528
9.481247488270217
9.482183972242828
9.483044524222226
9.484107559786496
9.485044043464995
9.486663914315068
9.488789984043382
9.491751298769296
9.494510128568928
9.498559788350708
9.503216894686352
9.508354923009419
9.51351824218873
9.51954211388849
9.524351086032906
9.531463309442207
9.539486714858086
9.548396039824107
9.55771033930081
9.567708028877009
9.576035216014331
9.586893462301147
9.598156694115922
9.610002057578491
9.622303012028937
9.63460396489416
9.65211879232687
9.657054376167618
9.669608453262526
9.682061278049725
9.69433692636272
9.706536644869301
9.716255921441348
9.728480945191713
9.740857845863243
9.753260042883396
9.765814107915082
9.77824162289533
9.788214005852447
9.80056558629316
9.812942485463964
9.825369987286395
9.837696241593779
9.84766861250608
9.860020183714504
9.872371762702622
9.884672737021372
9.896897771453169
9.901782733921207
9.918993882282233
9.931421387868756
9.943899514508152
9.956225796564325
9.972424346824809
9.994090203658583
10.014389339182799
10.038434390943399
10.061922529913526
10.085891618015719
10.10464667958874
10.128312085658589
10.152382425318496
10.161772689959111
10.194321394257027
10.21765772460669
10.232337922697155
10.266684151932353
10.276504698241146
10.310522032818374
10.334896190999087
10.344843290739696
10.379265606284076
10.403437221487568
10.427558260895823
10.437353496518243
10.46203137642868
10.496479113981636
10.521587309411593
10.546746115959495
10.570993669646821
10.590356276086066
10.614755737277385
10.63890203401077
10.648570716201396
10.684182851911206
10.70984788389796
10.735032014347913
10.760722360343442
10.781325255722612
10.806610617234226
10.831820021418547
10.841539324981884
10.875581766980183
10.898766100675095
10.921393641190297
10.930378934849116
10.96738210182234
10.985706861968366
11.009346942154329
11.032885673064126
11.056171298353549
11.074850415139574
11.098060216637473
11.121700266390711
11.145542831218474
11.16465227753181
11.187634181296245
11.21005914080352
11.232559928947563
11.24969462155806
11.269714470259848
11.281585182164013
11.310614288335318
11.329495934173128
11.353110686557132
11.3771051245999
11.400947634012732
11.41980390421885
11.442583176689533
11.46510952735357
11.488572408502803
11.512921245998468
11.533372280330616
11.559087937254676
11.584828904391676
11.609709255791596
11.628945267988342
11.652205689219981
11.67546608716066
11.68505883729218
11.718012955319479
11.741931461964763
11.765976559431236
11.790451954610248
11.810624571090464
11.836289595785349
11.860790332476297
11.885873221928732
11.906223013168184
11.931913356328632
11.957527770309374
11.983218115737625
12.00895908228689
12.029688531194271
12.055404188290927
12.08101860228092
12.106658327271429
12.12708405116404
12.152850329844128
12.178287569199343
12.188437154430842
12.2239227303967
12.249815562055005
12.275328733203837
12.300740662221502
12.321065142718762
12.346477070564061
12.372091479417207
12.397351544258958
12.418005063139677
12.44372071207994
12.469056700337351
12.494595181962511
12.52013366151185
12.540280962206687
12.565591642801063
12.591003567908917
12.616693914317752
12.637398054852754
12.663164333235168
12.688297831558447
12.713279475130198
12.733705199009147
12.758509671591169
12.783364761463258
12.808169220452339
12.82824059221155
12.853500653483867
12.878710092073518
12.903742355198505
12.924092147023838
12.949833114883688
12.975523461306327
13.000935386019233
13.020778957517084
13.045659330714336
13.07036255096837
13.095369502945374
13.12019926556465
13.139713778079711
13.164644802920948
13.190183284563561
13.215493957818586
13.235337529550266
13.260293843120758
13.270038457370454
13.285402043992713
13.329745892106978
13.353537859434317
13.377912035435868
13.402792409199849
13.422332211764674
13.446807636150004
13.471890516747436
13.497024026682226
13.517373818485787
13.542785747488457
13.56804581136472
13.593558983166117
13.619274639998894
13.639776293718663
13.665086980071417
13.69072670534213
13.715936145938633
13.735906277272491
13.76022983792318
13.784578654812671
13.808471865751017
13.827024203306442
13.847069492536706
13.864962600269306
13.879716190323435
13.891433767034684
13.909884568161775
13.930816195808285
13.952177795501354
13.968730665366921
13.99161138793983
14.01464392835197
14.03790431866896
14.062253176228007
14.081944889534922
14.106774672759782
14.116721772500375
14.12342812293523
14.123630425118835
14.12390870693685
14.124237573940624
14.127730401311933
14.132058356182533
14.134640208394458
14.15617958913351
14.17873140662209
14.187817943026358
14.218950078777413
14.240312250378494
14.261725065891572
14.280125921150411
14.300421200062907
14.30376107776999
14.303786388456349
14.304923246389595
14.305353644449479
14.310365109087154
14.310972599869837
14.313199903279049
14.315022246348835
14.317300185622628
14.318110127586243
14.321147368469045
14.324639684742923
14.327575758033868
14.336560759838916
14.351923805798075
14.371615495923185
14.394091010656995
14.415731390364877
14.438181764185636
14.457164458329897
14.465515541582361
14.46999505334651
14.477485734487981
14.480852055774236
14.489835126159708
14.490948791713075
14.492771149995233
14.493732939735676
14.49393542392071
14.495884341782126
14.498035741901566
14.50021245178036
14.502060124684393
14.504287460141883
14.506464169681935
14.50785624119529
14.508463687229009
14.508615567477214
14.50988110179535
14.513828773291026
14.517878056151813
14.522028725714891
14.523775155124213
14.524230777223586
14.526736348018103
14.530229070787614
14.530558111995935
14.53172237236484
14.531798304423937
14.533823128542867
14.533924454189334
14.534759691423949
14.536683294506734
14.538379103931216
14.540657058563761
14.542859083056873
14.545111725854648
14.546908777814366
14.549186731286758
14.551414066345819
14.553692019034893
14.55457789305759
14.557691082555621
14.559969038648235
14.562272302830616
14.56452494581679
14.566296687670107
14.568625264942295
14.57095383925053
14.573130550705233
14.574927602742644
14.577205556257539
14.579483513272034
14.581710846379808
14.583507898652995
14.585760541415436
14.588013188150164
14.590189899497524
14.592493163920055
14.594315526686845
14.596466927678199
14.598719573197135
14.600972216398725
14.602743958358797
14.604945979976204
14.607249246779453
14.60952720022507
14.611703911832155
14.613551584672942
14.615880162204778
14.619524317067302
14.620156645185661
14.620207266558392
14.620560577791707
14.621294164619153
14.621446028737333
14.626002199337481
14.640959385886804
14.662118350733621
14.678518215805978
14.694893912066233
14.699679740394084
14.720383272310405
14.738681683842502
14.757005179031127
14.770823196555588
14.787172775950355
14.803344126210108
14.817794223099686
14.82399534125857
14.846416484924067
14.855047337800952
14.856414114864545
14.860716813779439
14.863981824079021
14.876333376405025
14.894734241296058
14.910882439133529
14.930624769592152
14.948392848046307
14.966287453745363
14.981018267344002
14.999975971358056
15.018781811009486
15.037359854213355
15.056115070421026
15.075072772785136
15.090335116212827
15.109368752344361
15.128174592307985
15.1469551213416
15.165912825302641
15.18497177194619
15.200335358559451
15.211775788795453
15.237972345382335
15.256702251488587
15.283227843832517
15.294668274068528
15.309905307258948
15.328711146996469
15.340050334487023
15.36642406768485
15.373966652220977
15.404567272016711
15.412211099298295
15.438610144608107
15.449924021412302
15.476145880902404
15.483612533379448
15.502747412042703
15.514238463651445
15.540662820155868
15.566960621876136
15.57445258503954
15.605129136466108
15.61272234237496
15.639197320237008
15.650409954295746
15.669139860620524
15.695640143396716
15.703157417246492
15.729784258664218
15.741098135468404
15.759979907494648
15.767471870658051
