0.06283891547049442
0.06283891547049442
0.06283891547049442
0.06283891547049442
0.06283891547049442
0.06283891547049442
0.06283891547049442
0.06283891547049442
0.06283891547049442
0.06283891547049442
0.06283891547049442
0.06283891547049442
0.06283891547049442
0.06283891547049442
0.06283891547049442
0.06283891547049442
0.06283891547049442
0.06283891547049442
0.06283891547049442
0.06283891547049442
0.06283891547049442
0.06283891547049442
0.06283891547049442
0.06283891547049442
0.06283891547049442
0.06283891547049442
0.06283891547049442
0.06283891547049442
0.06283891547049442
0.06283891547049442
0.06283891547049442
0.06283891547049442
0.06283891547049442
0.06283891547049442
0.06283891547049442
0.06283891547049442
0.06283891547049442
0.06283891547049442
0.06283891547049442
0.06283891547049442
0.06283891547049442
0.06283891547049442
0.06283891547049442
0.06283891547049442
0.06283891547049442
0.06283891547049442
0.06283891547049442
0.06283891547049442
0.06283891547049442
0.06283891547049442
0.06283891547049442
0.06283891547049442
0.06283891547049442
0.06283891547049442
0.06283891547049442
0.06283891547049442
0.06283891547049442
0.06283891547049442
0.06283891547049442
0.06283891547049442
0.06283891547049442
0.06283891547049442
0.06283891547049442
0.06283891547049442
0.06283891547049442
0.06283891547049442
0.06283891547049442
0.06283891547049442
0.06283891547049442
0.06283891547049442
0.06283891547049442
0.06283891547049442
0.06283891547049442
0.06283891547049442
0.06283891547049442
0.06283891547049442
0.06283891547049442
0.06283891547049442
0.06283891547049442
0.06283891547049442
0.06283891547049442
0.06283891547049442
0.06283891547049442
0.06283891547049442
0.06283891547049442
0.06283891547049442
0.06283891547049442
0.06283891547049442
0.06283891547049442
0.06283891547049442
0.06283891547049442
0.06283891547049442
0.06283891547049442
0.06283891547049442
0.06283891547049442
0.06283891547049442
0.06283891547049442
0.06283891547049442
0.06283891547049442
0.06283891547049442
0.06283891547049442
0.06283891547049442
0.06283891547049442
0.06283891547049442
0.06283891547049442
0.06283891547049442
0.06283891547049442
0.06283891547049442
0.06283891547049442
0.06283891547049442
0.06283891547049442
0.06283891547049442
0.06283891547049442
0.06283891547049442
0.06283891547049442
0.06283891547049442
0.06283891547049442
0.06283891547049442
0.06283891547049442
0.06283891547049442
0.06283891547049442
0.06283891547049442
0.06283891547049442
0.06283891547049442
0.06283891547049442
0.06283891547049442
0.06283891547049442
0.18330675172780436
0.18330675172780436
0.18330675172780436
0.18330675172780436
0.18330675172780436
0.18330675172780436
0.18330675172780436
0.18330675172780436
0.18330675172780436
0.18330675172780436
0.18330675172780436
0.18330675172780436
0.18330675172780436
0.18330675172780436
0.18330675172780436
0.3678894205209995
0.3678894205209995
0.3678894205209995
0.3678894205209995
0.3678894205209995
0.3678894205209995
0.3678894205209995
0.3678894205209995
0.3678894205209995
0.3678894205209995
0.3678894205209995
0.3678894205209995
0.3678894205209995
0.3678894205209995
0.3678894205209995
0.7077086656034024
0.7077086656034024
0.7077086656034024
0.7077086656034024
0.7077086656034024
0.7077086656034024
0.7077086656034024
0.7077086656034024
0.7077086656034024
0.7077086656034024
0.7077086656034024
0.7077086656034024
0.7077086656034024
0.7077086656034024
0.7077086656034024
0.834662413609782
0.834662413609782
0.834662413609782
0.834662413609782
0.834662413609782
0.834662413609782
0.834662413609782
0.834662413609782
0.834662413609782
0.834662413609782
0.834662413609782
0.834662413609782
0.834662413609782
0.834662413609782
0.834662413609782
0.969377990430622
0.969377990430622
0.969377990430622
0.969377990430622
0.969377990430622
0.969377990430622
0.969377990430622
0.969377990430622
0.969377990430622
0.969377990430622
0.969377990430622
0.969377990430622
0.969377990430622
0.969377990430622
0.969377990430622
1.114300903774588
1.114300903774588
1.114300903774588
1.114300903774588
1.114300903774588
1.114300903774588
1.114300903774588
1.114300903774588
1.114300903774588
1.114300903774588
1.114300903774588
1.114300903774588
1.114300903774588
1.114300903774588
1.114300903774588
1.114300903774588
1.114300903774588
1.114300903774588
1.114300903774588
1.114300903774588
1.114300903774588
1.114300903774588
1.114300903774588
1.114300903774588
1.114300903774588
1.114300903774588
1.114300903774588
1.114300903774588
1.114300903774588
1.114300903774588
1.114300903774588
1.114300903774588
1.114300903774588
1.114300903774588
1.114300903774588
1.114300903774588
1.114300903774588
1.114300903774588
1.114300903774588
1.114300903774588
1.114300903774588
1.114300903774588
1.114300903774588
1.114300903774588
1.114300903774588
1.2748538011695907
1.2748538011695907
1.2748538011695907
1.2748538011695907
1.2748538011695907
1.2748538011695907
1.2748538011695907
1.2748538011695907
1.2748538011695907
1.2748538011695907
1.2748538011695907
1.2748538011695907
1.2748538011695907
1.2748538011695907
1.2748538011695907
1.5574694311536417
1.5574694311536417
1.5574694311536417
1.5574694311536417
1.5574694311536417
1.5574694311536417
1.5574694311536417
1.5574694311536417
1.5574694311536417
1.5574694311536417
1.5574694311536417
1.5574694311536417
1.5574694311536417
1.5574694311536417
1.5574694311536417
1.7812865497076023
1.7812865497076023
1.7812865497076023
1.7812865497076023
1.7812865497076023
1.7812865497076023
1.7812865497076023
1.7812865497076023
1.7812865497076023
1.7812865497076023
1.7812865497076023
1.7812865497076023
1.7812865497076023
1.7812865497076023
1.7812865497076023
1.8596491228070176
1.8596491228070176
1.8596491228070176
1.8596491228070176
1.8596491228070176
1.8596491228070176
1.8596491228070176
1.8596491228070176
1.8596491228070176
1.8596491228070176
1.8596491228070176
1.8596491228070176
1.8596491228070176
1.8596491228070176
1.8596491228070176
1.8596491228070176
1.8596491228070176
1.8596491228070176
1.8596491228070176
1.8596491228070176
1.8596491228070176
1.8596491228070176
1.8596491228070176
1.8596491228070176
1.8596491228070176
1.8596491228070176
1.8596491228070176
1.8596491228070176
1.8596491228070176
1.8596491228070176
1.9863902179691653
1.9863902179691653
1.9863902179691653
1.9863902179691653
1.9863902179691653
1.9863902179691653
1.9863902179691653
1.9863902179691653
1.9863902179691653
1.9863902179691653
1.9863902179691653
1.9863902179691653
1.9863902179691653
1.9863902179691653
1.9863902179691653
2.031791600212653
2.031791600212653
2.031791600212653
2.031791600212653
2.031791600212653
2.031791600212653
2.031791600212653
2.031791600212653
2.031791600212653
2.031791600212653
2.031791600212653
2.031791600212653
2.031791600212653
2.031791600212653
2.031791600212653
2.1610845295055823
2.1610845295055823
2.1610845295055823
2.1610845295055823
2.1610845295055823
2.1610845295055823
2.1610845295055823
2.1610845295055823
2.1610845295055823
2.1610845295055823
2.1610845295055823
2.1610845295055823
2.1610845295055823
2.1610845295055823
2.1610845295055823
2.1861775651249333
2.1861775651249333
2.1861775651249333
2.1861775651249333
2.1861775651249333
2.1861775651249333
2.1861775651249333
2.1861775651249333
2.1861775651249333
2.1861775651249333
2.1861775651249333
2.1861775651249333
2.1861775651249333
2.1861775651249333
2.1861775651249333
2.2260499734183945
2.2260499734183945
2.2260499734183945
2.2260499734183945
2.2260499734183945
2.2260499734183945
2.2260499734183945
2.2260499734183945
2.2260499734183945
2.2260499734183945
2.2260499734183945
2.2260499734183945
2.2260499734183945
2.2260499734183945
2.2260499734183945
2.2260499734183945
2.2260499734183945
2.2260499734183945
2.2260499734183945
2.2260499734183945
2.2260499734183945
2.2260499734183945
2.2260499734183945
2.2260499734183945
2.2260499734183945
2.2260499734183945
2.2260499734183945
2.2260499734183945
2.2260499734183945
2.2260499734183945
2.2820839978734715
2.2820839978734715
2.2820839978734715
2.2820839978734715
2.2820839978734715
2.2820839978734715
2.2820839978734715
2.2820839978734715
2.2820839978734715
2.2820839978734715
2.2820839978734715
2.2820839978734715
2.2820839978734715
2.2820839978734715
2.2820839978734715
2.2820839978734715
2.2820839978734715
2.2820839978734715
2.2820839978734715
2.2820839978734715
2.2820839978734715
2.2820839978734715
2.2820839978734715
2.2820839978734715
2.2820839978734715
2.2820839978734715
2.2820839978734715
2.2820839978734715
2.2820839978734715
2.2820839978734715
2.2820839978734715
2.2820839978734715
2.2820839978734715
2.2820839978734715
2.2820839978734715
2.2820839978734715
2.2820839978734715
2.2820839978734715
2.2820839978734715
2.2820839978734715
2.2820839978734715
2.2820839978734715
2.2820839978734715
2.2820839978734715
2.2820839978734715
2.2820839978734715
2.2820839978734715
2.2820839978734715
2.2820839978734715
2.2820839978734715
2.2820839978734715
2.2820839978734715
2.2820839978734715
2.2820839978734715
2.2820839978734715
2.2820839978734715
2.2820839978734715
2.2820839978734715
2.2820839978734715
2.2820839978734715
2.3982987772461457
2.3982987772461457
2.3982987772461457
2.3982987772461457
2.3982987772461457
2.3982987772461457
2.3982987772461457
2.3982987772461457
2.3982987772461457
2.3982987772461457
2.3982987772461457
2.3982987772461457
2.3982987772461457
2.3982987772461457
2.3982987772461457
2.3982987772461457
2.3982987772461457
2.3982987772461457
2.3982987772461457
2.3982987772461457
2.3982987772461457
2.3982987772461457
2.3982987772461457
2.3982987772461457
2.3982987772461457
2.3982987772461457
2.3982987772461457
2.3982987772461457
2.3982987772461457
2.3982987772461457
2.3982987772461457
2.3982987772461457
2.3982987772461457
2.3982987772461457
2.3982987772461457
2.3982987772461457
2.3982987772461457
2.3982987772461457
2.3982987772461457
2.3982987772461457
2.3982987772461457
2.3982987772461457
2.3982987772461457
2.3982987772461457
2.3982987772461457
2.5862838915470494
2.5862838915470494
2.5862838915470494
2.5862838915470494
2.5862838915470494
2.5862838915470494
2.5862838915470494
2.5862838915470494
2.5862838915470494
2.5862838915470494
2.5862838915470494
2.5862838915470494
2.5862838915470494
2.5862838915470494
2.5862838915470494
2.7513024986709196
2.7513024986709196
2.7513024986709196
2.7513024986709196
2.7513024986709196
2.7513024986709196
2.7513024986709196
2.7513024986709196
2.7513024986709196
2.7513024986709196
2.7513024986709196
2.7513024986709196
2.7513024986709196
2.7513024986709196
2.7513024986709196
2.8524189261031365
2.8524189261031365
2.8524189261031365
2.8524189261031365
2.8524189261031365
2.8524189261031365
2.8524189261031365
2.8524189261031365
2.8524189261031365
2.8524189261031365
2.8524189261031365
2.8524189261031365
2.8524189261031365
2.8524189261031365
2.8524189261031365
2.9814992025518343
2.9814992025518343
2.9814992025518343
2.9814992025518343
2.9814992025518343
2.9814992025518343
2.9814992025518343
2.9814992025518343
2.9814992025518343
2.9814992025518343
2.9814992025518343
2.9814992025518343
2.9814992025518343
2.9814992025518343
2.9814992025518343
3.0515683147262096
3.0515683147262096
3.0515683147262096
3.0515683147262096
3.0515683147262096
3.0515683147262096
3.0515683147262096
3.0515683147262096
3.0515683147262096
3.0515683147262096
3.0515683147262096
3.0515683147262096
3.0515683147262096
3.0515683147262096
3.0515683147262096
3.1954279638490166
3.1954279638490166
3.1954279638490166
3.1954279638490166
3.1954279638490166
3.1954279638490166
3.1954279638490166
3.1954279638490166
3.1954279638490166
3.1954279638490166
3.1954279638490166
3.1954279638490166
3.1954279638490166
3.1954279638490166
3.1954279638490166
3.3447102604997343
3.3447102604997343
3.3447102604997343
3.3447102604997343
3.3447102604997343
3.3447102604997343
3.3447102604997343
3.3447102604997343
3.3447102604997343
3.3447102604997343
3.3447102604997343
3.3447102604997343
3.3447102604997343
3.3447102604997343
3.3447102604997343
3.402020202020202
3.402020202020202
3.402020202020202
3.402020202020202
3.402020202020202
3.402020202020202
3.402020202020202
3.402020202020202
3.402020202020202
3.402020202020202
3.402020202020202
3.402020202020202
3.402020202020202
3.402020202020202
3.402020202020202
3.4665603402445506
3.4665603402445506
3.4665603402445506
3.4665603402445506
3.4665603402445506
3.4665603402445506
3.4665603402445506
3.4665603402445506
3.4665603402445506
3.4665603402445506
3.4665603402445506
3.4665603402445506
3.4665603402445506
3.4665603402445506
3.4665603402445506
3.4665603402445506
3.4665603402445506
3.4665603402445506
3.4665603402445506
3.4665603402445506
3.4665603402445506
3.4665603402445506
3.4665603402445506
3.4665603402445506
3.4665603402445506
3.4665603402445506
3.4665603402445506
3.4665603402445506
3.4665603402445506
3.4665603402445506
3.4665603402445506
3.4665603402445506
3.4665603402445506
3.4665603402445506
3.4665603402445506
3.4665603402445506
3.4665603402445506
3.4665603402445506
3.4665603402445506
3.4665603402445506
3.4665603402445506
3.4665603402445506
3.4665603402445506
3.4665603402445506
3.4665603402445506
3.536629452418926
3.536629452418926
3.536629452418926
3.536629452418926
3.536629452418926
3.536629452418926
3.536629452418926
3.536629452418926
3.536629452418926
3.536629452418926
3.536629452418926
3.536629452418926
3.536629452418926
3.536629452418926
3.536629452418926
3.5811802232854864
3.5811802232854864
3.5811802232854864
3.5811802232854864
3.5811802232854864
3.5811802232854864
3.5811802232854864
3.5811802232854864
3.5811802232854864
3.5811802232854864
3.5811802232854864
3.5811802232854864
3.5811802232854864
3.5811802232854864
3.5811802232854864
3.6893141945773524
3.6893141945773524
3.6893141945773524
3.6893141945773524
3.6893141945773524
3.6893141945773524
3.6893141945773524
3.6893141945773524
3.6893141945773524
3.6893141945773524
3.6893141945773524
3.6893141945773524
3.6893141945773524
3.6893141945773524
3.6893141945773524
3.849016480595428
3.849016480595428
3.849016480595428
3.849016480595428
3.849016480595428
3.849016480595428
3.849016480595428
3.849016480595428
3.849016480595428
3.849016480595428
3.849016480595428
3.849016480595428
3.849016480595428
3.849016480595428
3.849016480595428
3.9985114300903772
3.9985114300903772
3.9985114300903772
3.9985114300903772
3.9985114300903772
3.9985114300903772
3.9985114300903772
3.9985114300903772
3.9985114300903772
3.9985114300903772
3.9985114300903772
3.9985114300903772
3.9985114300903772
3.9985114300903772
3.9985114300903772
3.9985114300903772
4.080701754385965
4.080701754385965
4.080701754385965
4.080701754385965
4.080701754385965
4.080701754385965
4.080701754385965
4.080701754385965
4.080701754385965
4.080701754385965
4.080701754385965
4.080701754385965
4.080701754385965
4.080701754385965
4.15257841573631
4.15257841573631
4.15257841573631
4.15257841573631
4.15257841573631
4.15257841573631
4.15257841573631
4.15257841573631
4.15257841573631
4.15257841573631
4.15257841573631
4.15257841573631
4.15257841573631
4.15257841573631
4.15257841573631
4.26943115364168
4.26943115364168
4.26943115364168
4.26943115364168
4.26943115364168
4.26943115364168
4.26943115364168
4.26943115364168
4.26943115364168
4.26943115364168
4.26943115364168
4.26943115364168
4.26943115364168
4.26943115364168
4.26943115364168
4.400956937799043
4.400956937799043
4.400956937799043
4.400956937799043
4.400956937799043
4.400956937799043
4.400956937799043
4.400956937799043
4.400956937799043
4.400956937799043
4.400956937799043
4.400956937799043
4.400956937799043
4.400956937799043
4.400956937799043
4.4897395002658165
4.4897395002658165
4.4897395002658165
4.4897395002658165
4.4897395002658165
4.4897395002658165
4.4897395002658165
4.4897395002658165
4.4897395002658165
4.4897395002658165
4.4897395002658165
4.4897395002658165
4.4897395002658165
4.4897395002658165
4.4897395002658165
4.537267410951621
4.537267410951621
4.537267410951621
4.537267410951621
4.537267410951621
4.537267410951621
4.537267410951621
4.537267410951621
4.537267410951621
4.537267410951621
4.537267410951621
4.537267410951621
4.537267410951621
4.537267410951621
4.537267410951621
4.57331206804891
4.57331206804891
4.57331206804891
4.57331206804891
4.57331206804891
4.57331206804891
4.57331206804891
4.57331206804891
4.57331206804891
4.57331206804891
4.57331206804891
4.57331206804891
4.57331206804891
4.57331206804891
4.57331206804891
4.661031366294524
4.661031366294524
4.661031366294524
4.661031366294524
4.661031366294524
4.661031366294524
4.661031366294524
4.661031366294524
4.661031366294524
4.661031366294524
4.661031366294524
4.661031366294524
4.661031366294524
4.661031366294524
4.661031366294524
4.755874534821904
4.755874534821904
4.755874534821904
4.755874534821904
4.755874534821904
4.755874534821904
4.755874534821904
4.755874534821904
4.755874534821904
4.755874534821904
4.755874534821904
4.755874534821904
4.755874534821904
4.755874534821904
4.755874534821904
4.779053694843168
4.779053694843168
4.779053694843168
4.779053694843168
4.779053694843168
4.779053694843168
4.779053694843168
4.779053694843168
4.779053694843168
4.779053694843168
4.779053694843168
4.779053694843168
4.779053694843168
4.779053694843168
4.779053694843168
4.779053694843168
4.779053694843168
4.779053694843168
4.779053694843168
4.779053694843168
4.779053694843168
4.779053694843168
4.779053694843168
4.779053694843168
4.779053694843168
4.779053694843168
4.779053694843168
4.779053694843168
4.779053694843168
4.779053694843168
4.806379585326954
4.806379585326954
4.806379585326954
4.806379585326954
4.806379585326954
4.806379585326954
4.806379585326954
4.806379585326954
4.806379585326954
4.806379585326954
4.806379585326954
4.806379585326954
4.806379585326954
4.806379585326954
4.806379585326954
4.806379585326954
4.806379585326954
4.806379585326954
4.806379585326954
4.806379585326954
4.806379585326954
4.806379585326954
4.806379585326954
4.806379585326954
4.806379585326954
4.806379585326954
4.806379585326954
4.806379585326954
4.806379585326954
4.806379585326954
4.855715045188729
4.855715045188729
4.855715045188729
4.855715045188729
4.855715045188729
4.855715045188729
4.855715045188729
4.855715045188729
4.855715045188729
4.855715045188729
4.855715045188729
4.855715045188729
4.855715045188729
4.855715045188729
4.855715045188729
4.889314194577352
4.889314194577352
4.889314194577352
4.889314194577352
4.889314194577352
4.889314194577352
4.889314194577352
4.889314194577352
4.889314194577352
4.889314194577352
4.889314194577352
4.889314194577352
4.889314194577352
4.889314194577352
4.889314194577352
4.9213184476342375
4.9213184476342375
4.9213184476342375
4.9213184476342375
4.9213184476342375
4.9213184476342375
4.9213184476342375
4.9213184476342375
4.9213184476342375
4.9213184476342375
4.9213184476342375
4.9213184476342375
4.9213184476342375
4.9213184476342375
4.9213184476342375
4.9538543328017015
4.9538543328017015
4.9538543328017015
4.9538543328017015
4.9538543328017015
4.9538543328017015
4.9538543328017015
4.9538543328017015
4.9538543328017015
4.9538543328017015
4.9538543328017015
4.9538543328017015
4.9538543328017015
4.9538543328017015
4.9538543328017015
4.990111642743222
4.990111642743222
4.990111642743222
4.990111642743222
4.990111642743222
4.990111642743222
4.990111642743222
4.990111642743222
4.990111642743222
4.990111642743222
4.990111642743222
4.990111642743222
4.990111642743222
4.990111642743222
4.990111642743222
5.029771398192451
5.029771398192451
5.029771398192451
5.029771398192451
5.029771398192451
5.029771398192451
5.029771398192451
5.029771398192451
5.029771398192451
5.029771398192451
5.029771398192451
5.029771398192451
5.029771398192451
5.029771398192451
5.029771398192451
5.128548644338118
5.128548644338118
5.128548644338118
5.128548644338118
5.128548644338118
5.128548644338118
5.128548644338118
5.128548644338118
5.128548644338118
5.128548644338118
5.128548644338118
5.128548644338118
5.128548644338118
5.128548644338118
5.128548644338118
5.218713450292397
5.218713450292397
5.218713450292397
5.218713450292397
5.218713450292397
5.218713450292397
5.218713450292397
5.218713450292397
5.218713450292397
5.218713450292397
5.218713450292397
5.218713450292397
5.218713450292397
5.218713450292397
5.218713450292397
5.316427432216906
5.316427432216906
5.316427432216906
5.316427432216906
5.316427432216906
5.316427432216906
5.316427432216906
5.316427432216906
5.316427432216906
5.316427432216906
5.316427432216906
5.316427432216906
5.316427432216906
5.316427432216906
5.316427432216906
5.390005316321106
5.390005316321106
5.390005316321106
5.390005316321106
5.390005316321106
5.390005316321106
5.390005316321106
5.390005316321106
5.390005316321106
5.390005316321106
5.390005316321106
5.390005316321106
5.390005316321106
5.390005316321106
5.390005316321106
5.414885699096225
5.414885699096225
5.414885699096225
5.414885699096225
5.414885699096225
5.414885699096225
5.414885699096225
5.414885699096225
5.414885699096225
5.414885699096225
5.414885699096225
5.414885699096225
5.414885699096225
5.414885699096225
5.414885699096225
5.523019670388091
5.523019670388091
5.523019670388091
5.523019670388091
5.523019670388091
5.523019670388091
5.523019670388091
5.523019670388091
5.523019670388091
5.523019670388091
5.523019670388091
5.523019670388091
5.523019670388091
5.523019670388091
5.523019670388091
5.697182349813929
5.697182349813929
5.697182349813929
5.697182349813929
5.697182349813929
5.697182349813929
5.697182349813929
5.697182349813929
5.697182349813929
5.697182349813929
5.697182349813929
5.697182349813929
5.697182349813929
5.697182349813929
5.697182349813929
5.953641679957469
5.953641679957469
5.953641679957469
5.953641679957469
5.953641679957469
5.953641679957469
5.953641679957469
5.953641679957469
5.953641679957469
5.953641679957469
5.953641679957469
5.953641679957469
5.953641679957469
5.953641679957469
5.953641679957469
6.136735778841042
6.136735778841042
6.136735778841042
6.136735778841042
6.136735778841042
6.136735778841042
6.136735778841042
6.136735778841042
6.136735778841042
6.136735778841042
6.136735778841042
6.136735778841042
6.136735778841042
6.136735778841042
6.136735778841042
6.136735778841042
6.136735778841042
6.136735778841042
6.136735778841042
6.136735778841042
6.136735778841042
6.136735778841042
6.136735778841042
6.136735778841042
6.136735778841042
6.136735778841042
6.136735778841042
6.136735778841042
6.136735778841042
6.136735778841042
6.3034556087187665
6.3034556087187665
6.3034556087187665
6.3034556087187665
6.3034556087187665
6.3034556087187665
6.3034556087187665
6.3034556087187665
6.3034556087187665
6.3034556087187665
6.3034556087187665
6.3034556087187665
6.3034556087187665
6.3034556087187665
6.3034556087187665
6.3034556087187665
6.3034556087187665
6.3034556087187665
6.3034556087187665
6.3034556087187665
6.3034556087187665
6.3034556087187665
6.3034556087187665
6.3034556087187665
6.3034556087187665
6.3034556087187665
6.3034556087187665
6.3034556087187665
6.3034556087187665
6.3034556087187665
6.370547581073897
6.370547581073897
6.370547581073897
6.370547581073897
6.370547581073897
6.370547581073897
6.370547581073897
6.370547581073897
6.370547581073897
6.370547581073897
6.370547581073897
6.370547581073897
6.370547581073897
6.370547581073897
6.370547581073897
6.442636895268474
6.442636895268474
6.442636895268474
6.442636895268474
6.442636895268474
6.442636895268474
6.442636895268474
6.442636895268474
6.442636895268474
6.442636895268474
6.442636895268474
6.442636895268474
6.442636895268474
6.442636895268474
6.442636895268474
6.505263157894737
6.505263157894737
6.505263157894737
6.505263157894737
6.505263157894737
6.505263157894737
6.505263157894737
6.505263157894737
6.505263157894737
6.505263157894737
6.505263157894737
6.505263157894737
6.505263157894737
6.505263157894737
6.505263157894737
6.570228601807549
6.570228601807549
6.570228601807549
6.570228601807549
6.570228601807549
6.570228601807549
6.570228601807549
6.570228601807549
6.570228601807549
6.570228601807549
6.570228601807549
6.570228601807549
6.570228601807549
6.570228601807549
6.570228601807549
6.570228601807549
6.570228601807549
6.570228601807549
6.570228601807549
6.570228601807549
6.570228601807549
6.570228601807549
6.570228601807549
6.570228601807549
6.570228601807549
6.570228601807549
6.570228601807549
6.570228601807549
6.570228601807549
6.570228601807549
6.570228601807549
6.570228601807549
6.570228601807549
6.570228601807549
6.570228601807549
6.570228601807549
6.570228601807549
6.570228601807549
6.570228601807549
6.570228601807549
6.570228601807549
6.570228601807549
6.570228601807549
6.570228601807549
6.570228601807549
6.637426900584796
6.637426900584796
6.637426900584796
6.637426900584796
6.637426900584796
6.637426900584796
6.637426900584796
6.637426900584796
6.637426900584796
6.637426900584796
6.637426900584796
6.637426900584796
6.637426900584796
6.637426900584796
6.637426900584796
6.744710260499734
6.744710260499734
6.744710260499734
6.744710260499734
6.744710260499734
6.744710260499734
6.744710260499734
6.744710260499734
6.744710260499734
6.744710260499734
6.744710260499734
6.744710260499734
6.744710260499734
6.744710260499734
6.744710260499734
6.7739500265816055
6.7739500265816055
6.7739500265816055
6.7739500265816055
6.7739500265816055
6.7739500265816055
6.7739500265816055
6.7739500265816055
6.7739500265816055
6.7739500265816055
6.7739500265816055
6.7739500265816055
6.7739500265816055
6.7739500265816055
6.7739500265816055
6.7739500265816055
6.7739500265816055
6.7739500265816055
6.7739500265816055
6.7739500265816055
6.7739500265816055
6.7739500265816055
6.7739500265816055
6.7739500265816055
6.7739500265816055
6.7739500265816055
6.7739500265816055
6.7739500265816055
6.7739500265816055
6.7739500265816055
6.7739500265816055
6.7739500265816055
6.7739500265816055
6.7739500265816055
6.7739500265816055
6.7739500265816055
6.7739500265816055
