x,y
23.0,164.0
23.0,164.0
23.0,164.0
23.0,164.0
23.0,164.0
23.0,164.0
23.0,164.0
23.0,164.0
23.0,164.0
23.0,164.0
23.0,164.0
23.0,164.0
23.0,164.0
23.0,164.0
23.0,164.0
23.0,164.0
23.0,164.0
23.0,164.0
23.0,164.0
23.0,164.0
23.0,164.0
23.0,164.0
23.0,164.0
23.0,164.0
23.0,164.0
23.0,164.0
23.0,164.0
23.0,164.0
23.0,164.0
23.0,164.0
23.0,164.0
23.0,164.0
23.0,164.0
23.0,164.0
23.0,164.0
23.0,164.0
23.0,164.0
23.0,164.0
23.0,164.0
23.0,164.0
23.0,164.0
23.0,164.0
23.0,164.0
23.0,164.0
23.0,164.0
23.0,164.0
23.0,164.0
23.0,164.0
23.0,164.0
23.0,164.0
23.0,164.0
23.0,164.0
23.0,164.0
23.0,164.0
23.0,164.0
23.0,164.0
23.0,164.0
23.0,164.0
23.0,164.0
23.0,164.0
23.0,164.0
23.0,164.0
23.0,164.0
23.0,164.0
23.0,164.0
23.0,164.0
23.0,164.0
23.0,164.0
23.0,164.0
23.0,164.0
23.0,164.0
23.0,164.0
23.0,164.0
23.0,164.0
23.0,164.0
23.0,164.0
23.0,164.0
23.0,164.0
23.0,164.0
23.0,164.0
23.0,164.0
23.0,164.0
23.0,164.0
23.0,164.0
23.0,164.0
23.0,164.0
23.0,164.0
23.0,164.0
23.0,164.0
23.0,164.0
23.0,164.0
23.0,164.0
23.0,164.0
23.0,164.0
23.0,164.0
23.0,164.0
23.0,164.0
23.0,164.0
23.0,164.0
23.0,164.0
23.0,164.0
23.0,164.0
23.0,164.0
23.0,164.0
23.0,164.0
23.0,164.0
23.0,164.0
23.0,164.0
23.0,164.0
23.0,164.0
23.0,164.0
23.0,164.0
23.0,164.0
24.0,164.0
24.0,164.0
24.0,164.0
24.0,164.0
24.0,164.0
25.0,164.0
25.0,164.0
25.0,164.0
25.0,164.0
25.0,164.0
25.0,164.0
25.0,164.0
26.0,164.0
26.0,164.0
26.0,164.0
27.0,164.0
28.0,164.0
28.0,164.0
28.0,164.0
29.0,164.0
29.0,164.0
30.0,164.0
30.0,164.0
31.0,163.0
31.0,163.0
31.0,163.0
32.0,163.0
32.0,163.0
32.0,163.0
35.0,163.0
35.0,163.0
35.0,163.0
35.0,163.0
36.0,163.0
36.0,163.0
36.0,163.0
37.0,162.0
38.0,162.0
38.0,162.0
38.0,162.0
39.0,162.0
39.0,161.0
40.0,161.0
40.0,161.0
60.0,161.0
60.0,161.0
61.0,160.0
61.0,160.0
61.0,160.0
62.0,160.0
62.0,160.0
63.0,160.0
63.0,159.0
64.0,159.0
64.0,159.0
65.0,159.0
65.0,159.0
65.0,159.0
66.0,158.0
67.0,158.0
67.0,158.0
68.0,158.0
68.0,158.0
69.0,157.0
69.0,157.0
70.0,157.0
70.0,157.0
71.0,157.0
71.0,157.0
71.0,156.0
72.0,156.0
72.0,156.0
73.0,156.0
73.0,156.0
73.0,156.0
74.0,156.0
74.0,155.0
75.0,155.0
75.0,155.0
75.0,155.0
75.0,155.0
75.0,155.0
76.0,155.0
76.0,155.0
77.0,155.0
77.0,155.0
77.0,155.0
78.0,155.0
78.0,155.0
78.0,160.0
78.0,160.0
78.0,160.0
78.0,160.0
79.0,159.0
79.0,159.0
79.0,159.0
80.0,159.0
80.0,159.0
80.0,159.0
80.0,158.0
80.0,158.0
80.0,158.0
80.0,158.0
80.0,159.0
80.0,159.0
80.0,159.0
80.0,159.0
81.0,159.0
81.0,159.0
82.0,159.0
82.0,159.0
82.0,159.0
83.0,159.0
84.0,159.0
84.0,159.0
84.0,159.0
85.0,159.0
85.0,159.0
85.0,159.0
85.0,159.0
85.0,159.0
85.0,159.0
85.0,159.0
85.0,159.0
85.0,159.0
85.0,159.0
85.0,159.0
85.0,159.0
85.0,159.0
85.0,159.0
85.0,159.0
86.0,159.0
86.0,159.0
87.0,159.0
87.0,171.0
88.0,171.0
88.0,171.0
88.0,171.0
89.0,171.0
90.0,171.0
90.0,171.0
90.0,171.0
91.0,171.0
91.0,171.0
91.0,171.0
91.0,171.0
92.0,171.0
92.0,171.0
92.0,171.0
93.0,173.0
93.0,173.0
94.0,173.0
94.0,173.0
94.0,173.0
94.0,173.0
94.0,173.0
94.0,173.0
95.0,173.0
95.0,173.0
96.0,173.0
96.0,173.0
96.0,173.0
97.0,173.0
97.0,173.0
98.0,186.0
98.0,186.0
98.0,186.0
99.0,186.0
99.0,186.0
100.0,186.0
100.0,186.0
101.0,187.0
101.0,187.0
101.0,187.0
102.0,187.0
103.0,187.0
103.0,187.0
103.0,187.0
103.0,187.0
103.0,191.0
103.0,191.0
104.0,191.0
104.0,191.0
104.0,191.0
105.0,191.0
105.0,191.0
105.0,191.0
105.0,191.0
105.0,191.0
105.0,191.0
105.0,191.0
106.0,191.0
106.0,192.0
106.0,192.0
107.0,192.0
107.0,192.0
107.0,192.0
107.0,192.0
107.0,192.0
107.0,192.0
108.0,192.0
108.0,193.0
108.0,193.0
109.0,193.0
109.0,193.0
109.0,193.0
109.0,193.0
109.0,193.0
109.0,193.0
111.0,200.0
111.0,200.0
111.0,200.0
111.0,200.0
111.0,199.0
111.0,199.0
111.0,199.0
111.0,200.0
111.0,200.0
112.0,201.0
112.0,201.0
112.0,201.0
112.0,202.0
113.0,202.0
113.0,202.0
113.0,202.0
113.0,203.0
114.0,203.0
114.0,204.0
114.0,204.0
114.0,204.0
115.0,204.0
115.0,205.0
115.0,205.0
116.0,205.0
116.0,205.0
116.0,206.0
117.0,206.0
117.0,206.0
117.0,206.0
118.0,207.0
118.0,207.0
119.0,207.0
119.0,207.0
119.0,207.0
119.0,207.0
119.0,207.0
119.0,207.0
120.0,207.0
120.0,207.0
120.0,207.0
120.0,207.0
120.0,207.0
120.0,207.0
120.0,208.0
121.0,243.0
121.0,243.0
121.0,243.0
122.0,243.0
122.0,243.0
122.0,243.0
122.0,243.0
122.0,243.0
122.0,243.0
122.0,243.0
122.0,243.0
122.0,243.0
122.0,243.0
122.0,243.0
123.0,243.0
123.0,243.0
123.0,243.0
123.0,243.0
124.0,243.0
124.0,243.0
124.0,243.0
125.0,243.0
125.0,243.0
125.0,243.0
125.0,243.0
125.0,243.0
125.0,243.0
125.0,243.0
125.0,243.0
125.0,243.0
125.0,243.0
125.0,243.0
125.0,243.0
125.0,243.0
125.0,243.0
125.0,243.0
125.0,243.0
125.0,243.0
125.0,243.0
125.0,243.0
125.0,243.0
125.0,243.0
125.0,243.0
125.0,243.0
125.0,243.0
125.0,243.0
125.0,243.0
125.0,243.0
125.0,243.0
125.0,243.0
125.0,243.0
125.0,243.0
125.0,243.0
125.0,243.0
125.0,243.0
125.0,243.0
125.0,243.0
125.0,243.0
126.0,243.0
126.0,243.0
126.0,243.0
126.0,243.0
126.0,243.0
126.0,243.0
127.0,243.0
127.0,243.0
127.0,243.0
127.0,243.0
127.0,243.0
127.0,243.0
127.0,243.0
127.0,243.0
127.0,243.0
127.0,243.0
127.0,243.0
127.0,243.0
127.0,243.0
127.0,243.0
127.0,243.0
127.0,243.0
127.0,243.0
127.0,243.0
127.0,244.0
127.0,244.0
127.0,244.0
127.0,244.0
127.0,244.0
127.0,244.0
127.0,244.0
127.0,244.0
127.0,244.0
127.0,244.0
127.0,244.0
128.0,244.0
128.0,244.0
128.0,244.0
128.0,244.0
128.0,244.0
128.0,244.0
128.0,244.0
128.0,244.0
128.0,244.0
128.0,244.0
128.0,244.0
129.0,244.0
129.0,245.0
130.0,245.0
130.0,245.0
130.0,245.0
131.0,245.0
131.0,245.0
131.0,245.0
131.0,245.0
132.0,245.0
132.0,245.0
132.0,245.0
132.0,245.0
132.0,245.0
132.0,245.0
132.0,245.0
131.0,245.0
131.0,245.0
131.0,245.0
131.0,245.0
131.0,245.0
131.0,245.0
132.0,245.0
131.0,245.0
131.0,245.0
131.0,245.0
131.0,245.0
132.0,245.0
132.0,245.0
132.0,245.0
132.0,245.0
132.0,245.0
132.0,245.0
132.0,245.0
132.0,245.0
132.0,245.0
132.0,245.0
132.0,246.0
132.0,246.0
133.0,246.0
133.0,247.0
134.0,247.0
134.0,247.0
134.0,247.0
135.0,248.0
135.0,248.0
135.0,248.0
136.0,249.0
136.0,249.0
136.0,249.0
137.0,250.0
137.0,250.0
137.0,250.0
138.0,250.0
138.0,250.0
138.0,251.0
139.0,251.0
139.0,251.0
140.0,252.0
140.0,252.0
140.0,252.0
141.0,252.0
141.0,253.0
142.0,253.0
142.0,253.0
143.0,253.0
143.0,254.0
143.0,254.0
144.0,254.0
144.0,254.0
145.0,255.0
145.0,255.0
145.0,255.0
146.0,255.0
146.0,255.0
147.0,256.0
147.0,256.0
147.0,256.0
148.0,256.0
148.0,256.0
148.0,256.0
149.0,257.0
149.0,257.0
150.0,257.0
150.0,257.0
150.0,257.0
151.0,257.0
151.0,257.0
151.0,257.0
152.0,257.0
152.0,257.0
153.0,257.0
153.0,257.0
153.0,257.0
154.0,257.0
154.0,257.0
155.0,257.0
155.0,257.0
156.0,257.0
156.0,257.0
156.0,257.0
156.0,257.0
156.0,257.0
156.0,257.0
156.0,257.0
157.0,257.0
157.0,326.0
157.0,326.0
158.0,326.0
158.0,326.0
158.0,326.0
159.0,326.0
159.0,326.0
159.0,326.0
159.0,326.0
159.0,326.0
159.0,326.0
160.0,326.0
160.0,325.0
160.0,325.0
161.0,325.0
161.0,329.0
161.0,329.0
162.0,329.0
162.0,329.0
163.0,328.0
163.0,328.0
163.0,328.0
164.0,328.0
164.0,328.0
164.0,328.0
165.0,328.0
165.0,328.0
166.0,328.0
166.0,328.0
167.0,328.0
167.0,331.0
168.0,331.0
168.0,331.0
169.0,331.0
169.0,331.0
170.0,331.0
170.0,331.0
170.0,331.0
170.0,331.0
170.0,331.0
170.0,331.0
170.0,331.0
170.0,331.0
171.0,331.0
171.0,331.0
171.0,331.0
171.0,331.0
171.0,331.0
171.0,331.0
171.0,331.0
171.0,331.0
172.0,331.0
172.0,331.0
172.0,331.0
172.0,331.0
172.0,331.0
172.0,330.0
172.0,330.0
172.0,330.0
173.0,330.0
173.0,332.0
173.0,332.0
173.0,332.0
173.0,332.0
173.0,332.0
173.0,332.0
173.0,332.0
174.0,331.0
174.0,331.0
174.0,331.0
174.0,331.0
174.0,331.0
174.0,331.0
174.0,331.0
174.0,331.0
174.0,331.0
174.0,331.0
174.0,331.0
174.0,331.0
174.0,331.0
174.0,331.0
174.0,331.0
174.0,331.0
174.0,331.0
174.0,331.0
174.0,331.0
174.0,331.0
174.0,331.0
174.0,331.0
174.0,332.0
174.0,332.0
174.0,332.0
175.0,332.0
175.0,332.0
175.0,332.0
176.0,332.0
176.0,332.0
176.0,332.0
176.0,332.0
175.0,332.0
175.0,332.0
175.0,332.0
176.0,332.0
176.0,332.0
176.0,332.0
176.0,332.0
177.0,332.0
177.0,332.0
177.0,332.0
177.0,332.0
177.0,332.0
177.0,332.0
177.0,332.0
177.0,332.0
177.0,332.0
177.0,332.0
177.0,332.0
177.0,332.0
177.0,332.0
177.0,332.0
177.0,332.0
177.0,332.0
177.0,332.0
177.0,332.0
177.0,332.0
177.0,331.0
176.0,331.0
176.0,331.0
176.0,330.0
176.0,330.0
176.0,329.0
176.0,329.0
176.0,328.0
175.0,328.0
175.0,327.0
175.0,327.0
175.0,326.0
175.0,326.0
175.0,325.0
175.0,325.0
175.0,325.0
174.0,324.0
174.0,324.0
174.0,323.0
174.0,323.0
174.0,323.0
174.0,322.0
173.0,322.0
173.0,321.0
173.0,321.0
173.0,320.0
173.0,320.0
173.0,319.0
173.0,319.0
172.0,318.0
172.0,318.0
172.0,317.0
172.0,317.0
172.0,317.0
172.0,316.0
172.0,316.0
172.0,316.0
172.0,316.0
172.0,316.0
172.0,316.0
172.0,316.0
172.0,316.0
172.0,316.0
172.0,316.0
172.0,316.0
172.0,316.0
172.0,316.0
172.0,316.0
172.0,316.0
172.0,316.0
172.0,316.0
172.0,316.0
172.0,316.0
172.0,316.0
172.0,316.0
172.0,316.0
172.0,316.0
172.0,316.0
172.0,316.0
172.0,316.0
172.0,316.0
172.0,316.0
172.0,316.0
172.0,316.0
172.0,316.0
172.0,316.0
172.0,316.0
172.0,316.0
172.0,316.0
172.0,315.0
173.0,315.0
173.0,315.0
173.0,315.0
173.0,315.0
173.0,315.0
173.0,315.0
173.0,314.0
173.0,314.0
173.0,314.0
173.0,314.0
173.0,314.0
173.0,313.0
173.0,313.0
172.0,313.0
172.0,313.0
173.0,313.0
173.0,313.0
173.0,313.0
173.0,313.0
172.0,313.0
172.0,313.0
172.0,313.0
172.0,313.0
172.0,313.0
171.0,313.0
171.0,313.0
171.0,313.0
171.0,313.0
171.0,313.0
171.0,313.0
170.0,313.0
170.0,314.0
170.0,314.0
170.0,314.0
169.0,315.0
169.0,315.0
169.0,315.0
169.0,315.0
169.0,315.0
169.0,315.0
169.0,316.0
169.0,316.0
169.0,316.0
169.0,316.0
169.0,316.0
169.0,317.0
169.0,317.0
169.0,317.0
169.0,317.0
169.0,317.0
169.0,317.0
169.0,318.0
169.0,318.0
169.0,318.0
170.0,318.0
170.0,318.0
170.0,318.0
170.0,318.0
170.0,318.0
170.0,318.0
170.0,318.0
170.0,318.0
170.0,318.0
170.0,318.0
170.0,318.0
170.0,318.0
170.0,318.0
170.0,318.0
170.0,318.0
170.0,318.0
170.0,318.0
170.0,318.0
170.0,318.0
170.0,318.0
170.0,318.0
170.0,318.0
170.0,318.0
170.0,318.0
170.0,318.0
170.0,318.0
170.0,318.0
170.0,318.0
170.0,318.0
170.0,318.0
170.0,318.0
170.0,318.0
170.0,318.0
170.0,318.0
170.0,318.0
170.0,318.0
171.0,318.0
171.0,318.0
171.0,317.0
171.0,317.0
171.0,317.0
171.0,317.0
171.0,317.0
171.0,317.0
171.0,316.0
171.0,316.0
171.0,316.0
171.0,316.0
171.0,315.0
171.0,315.0
171.0,315.0
171.0,316.0
171.0,316.0
171.0,316.0
171.0,315.0
171.0,315.0
170.0,315.0
170.0,315.0
170.0,314.0
170.0,314.0
170.0,314.0
169.0,314.0
169.0,314.0
169.0,314.0
169.0,314.0
169.0,314.0
169.0,314.0
169.0,314.0
169.0,314.0
169.0,314.0
169.0,314.0
169.0,314.0
169.0,314.0
169.0,314.0
169.0,314.0
170.0,314.0
170.0,314.0
170.0,314.0
170.0,314.0
170.0,314.0
170.0,314.0
170.0,314.0
170.0,314.0
170.0,314.0
170.0,314.0
170.0,314.0
170.0,314.0
170.0,314.0
170.0,314.0
170.0,314.0
170.0,314.0
170.0,315.0
170.0,315.0
170.0,315.0
170.0,315.0
170.0,315.0
170.0,315.0
170.0,315.0
170.0,315.0
170.0,315.0
170.0,315.0
170.0,315.0
170.0,315.0
170.0,315.0
170.0,315.0
170.0,315.0
170.0,315.0
170.0,315.0
170.0,315.0
170.0,315.0
170.0,315.0
170.0,315.0
170.0,315.0
170.0,315.0
170.0,315.0
170.0,315.0
170.0,315.0
170.0,315.0
170.0,314.0
170.0,314.0
171.0,314.0
171.0,314.0
171.0,314.0
171.0,314.0
171.0,314.0
171.0,314.0
171.0,314.0
171.0,314.0
172.0,314.0
172.0,314.0
172.0,314.0
172.0,314.0
172.0,314.0
172.0,314.0
172.0,314.0
172.0,314.0
172.0,314.0
172.0,314.0
172.0,314.0
172.0,314.0
172.0,314.0
172.0,314.0
172.0,314.0
172.0,314.0
172.0,314.0
172.0,314.0
172.0,314.0
172.0,314.0
172.0,314.0
172.0,314.0
173.0,314.0
173.0,314.0
173.0,314.0
173.0,314.0
173.0,314.0
173.0,314.0
173.0,314.0
174.0,314.0
174.0,314.0
174.0,314.0
174.0,314.0
174.0,314.0
175.0,313.0
175.0,313.0
175.0,313.0
175.0,313.0
176.0,313.0
176.0,313.0
176.0,313.0
176.0,313.0
176.0,313.0
177.0,313.0
177.0,313.0
177.0,312.0
177.0,312.0
178.0,312.0
178.0,312.0
178.0,312.0
178.0,312.0
178.0,312.0
179.0,312.0
179.0,312.0
179.0,312.0
179.0,311.0
179.0,311.0
180.0,311.0
180.0,311.0
180.0,311.0
180.0,311.0
180.0,311.0
181.0,310.0
181.0,310.0
181.0,310.0
182.0,310.0
182.0,310.0
182.0,309.0
183.0,309.0
183.0,309.0
183.0,309.0
184.0,308.0
184.0,308.0
184.0,308.0
185.0,307.0
185.0,307.0
186.0,307.0
186.0,307.0
186.0,306.0
187.0,306.0
187.0,306.0
187.0,305.0
188.0,305.0
188.0,305.0
188.0,304.0
188.0,304.0
189.0,304.0
189.0,303.0
190.0,303.0
190.0,303.0
190.0,302.0
190.0,302.0
191.0,301.0
191.0,301.0
191.0,301.0
192.0,300.0
192.0,300.0
192.0,300.0
193.0,299.0
193.0,299.0
193.0,299.0
193.0,298.0
194.0,298.0
194.0,298.0
194.0,297.0
195.0,297.0
195.0,296.0
195.0,296.0
195.0,296.0
196.0,295.0
196.0,295.0
196.0,295.0
196.0,294.0
197.0,294.0
197.0,293.0
197.0,293.0
197.0,293.0
197.0,292.0
197.0,292.0
198.0,291.0
198.0,291.0
198.0,291.0
198.0,290.0
198.0,290.0
198.0,289.0
198.0,289.0
198.0,289.0
198.0,288.0
199.0,288.0
199.0,287.0
199.0,287.0
199.0,286.0
199.0,286.0
199.0,285.0
199.0,285.0
199.0,284.0
199.0,284.0
199.0,284.0
199.0,283.0
199.0,283.0
199.0,282.0
200.0,282.0
200.0,281.0
200.0,281.0
200.0,280.0
200.0,280.0
200.0,279.0
200.0,279.0
200.0,279.0
200.0,278.0
201.0,278.0
201.0,277.0
201.0,277.0
201.0,276.0
201.0,276.0
201.0,275.0
201.0,275.0
201.0,274.0
201.0,274.0
202.0,273.0
202.0,273.0
202.0,272.0
202.0,272.0
202.0,271.0
202.0,271.0
202.0,271.0
202.0,270.0
202.0,270.0
203.0,269.0
203.0,269.0
203.0,268.0
203.0,268.0
203.0,267.0
203.0,267.0
203.0,266.0
203.0,266.0
203.0,265.0
204.0,265.0
204.0,264.0
204.0,264.0
204.0,263.0
204.0,263.0
204.0,262.0
204.0,262.0
204.0,262.0
204.0,261.0
204.0,261.0
205.0,260.0
205.0,260.0
205.0,259.0
205.0,259.0
205.0,258.0
205.0,258.0
205.0,257.0
205.0,257.0
205.0,256.0
206.0,256.0
206.0,255.0
206.0,255.0
206.0,255.0
206.0,254.0
206.0,254.0
206.0,253.0
206.0,253.0
207.0,252.0
207.0,252.0
207.0,252.0
207.0,251.0
207.0,250.0
207.0,250.0
207.0,250.0
207.0,249.0
208.0,249.0
208.0,248.0
208.0,248.0
208.0,247.0
208.0,247.0
208.0,246.0
209.0,246.0
209.0,245.0
209.0,245.0
209.0,245.0
209.0,244.0
209.0,244.0
209.0,243.0
210.0,243.0
210.0,242.0
210.0,242.0
210.0,241.0
210.0,241.0
210.0,241.0
210.0,240.0
210.0,240.0
210.0,240.0
210.0,239.0
210.0,239.0
210.0,239.0
210.0,238.0
210.0,238.0
210.0,237.0
210.0,237.0
210.0,236.0
210.0,236.0
210.0,236.0
210.0,236.0
210.0,236.0
210.0,236.0
210.0,236.0
210.0,236.0
210.0,236.0
210.0,236.0
210.0,235.0
211.0,235.0
211.0,235.0
211.0,234.0
211.0,234.0
212.0,234.0
212.0,233.0
212.0,233.0
212.0,233.0
212.0,233.0
212.0,233.0
212.0,233.0
212.0,233.0
212.0,233.0
212.0,233.0
212.0,233.0
212.0,233.0
212.0,233.0
212.0,233.0
212.0,233.0
212.0,233.0
212.0,233.0
213.0,233.0
213.0,233.0
213.0,233.0
214.0,233.0
214.0,233.0
215.0,233.0
215.0,233.0
215.0,233.0
215.0,233.0
215.0,233.0
215.0,233.0
215.0,233.0
215.0,233.0
215.0,233.0
215.0,233.0
215.0,233.0
215.0,233.0
215.0,233.0
215.0,233.0
215.0,233.0
215.0,233.0
215.0,233.0
215.0,233.0
215.0,233.0
215.0,233.0
215.0,233.0
215.0,233.0
215.0,233.0
215.0,233.0
215.0,233.0
215.0,233.0
215.0,233.0
215.0,233.0
215.0,233.0
215.0,233.0
215.0,233.0
215.0,233.0
215.0,233.0
215.0,233.0
215.0,233.0
215.0,233.0
215.0,233.0
215.0,233.0
215.0,233.0
215.0,233.0
215.0,233.0
215.0,233.0
215.0,233.0
215.0,233.0
215.0,233.0
215.0,233.0
215.0,233.0
215.0,232.0
215.0,232.0
215.0,232.0
215.0,232.0
215.0,232.0
215.0,232.0
215.0,232.0
215.0,232.0
215.0,232.0
215.0,232.0
215.0,232.0
215.0,232.0
215.0,232.0
215.0,232.0
215.0,232.0
215.0,232.0
215.0,232.0
215.0,232.0
215.0,232.0
215.0,232.0
215.0,232.0
215.0,232.0
215.0,232.0
215.0,232.0
215.0,231.0
215.0,231.0
215.0,231.0
215.0,231.0
215.0,231.0
215.0,231.0
215.0,231.0
214.0,232.0
214.0,232.0
214.0,233.0
214.0,233.0
214.0,233.0
213.0,233.0
213.0,234.0
213.0,234.0
212.0,234.0
212.0,234.0
212.0,234.0
211.0,234.0
211.0,234.0
211.0,234.0
211.0,234.0
211.0,234.0
211.0,234.0
211.0,235.0
210.0,235.0
210.0,235.0
210.0,235.0
209.0,235.0
209.0,235.0
208.0,235.0
208.0,235.0
208.0,235.0
207.0,235.0
207.0,235.0
207.0,235.0
206.0,235.0
206.0,235.0
206.0,235.0
205.0,234.0
205.0,234.0
205.0,234.0
204.0,234.0
204.0,234.0
204.0,234.0
203.0,234.0
203.0,234.0
202.0,234.0
202.0,234.0
202.0,234.0
201.0,234.0
201.0,234.0
201.0,234.0
200.0,234.0
200.0,234.0
200.0,234.0
199.0,234.0
199.0,234.0
198.0,234.0
198.0,234.0
198.0,234.0
198.0,234.0
197.0,233.0
197.0,233.0
196.0,233.0
196.0,233.0
196.0,233.0
195.0,233.0
195.0,233.0
195.0,233.0
194.0,233.0
194.0,233.0
193.0,233.0
193.0,233.0
193.0,233.0
193.0,233.0
