x,y
-2.5310686458484392e-05,2.1347177679635786e-09
-2.5310686458484392e-05,2.1347177679635786e-09
-2.322684857219027e-13,4.79519465067877e-09
-2.322684857219027e-13,4.79519465067877e-09
-2.322684857219027e-13,4.79519465067877e-09
-2.322684857219027e-13,4.79519465067877e-09
-2.5310686503191713e-05,2.6008858170027682e-09
-2.562409614733415e-13,5.0561884128640395e-09
-2.531068650209158e-05,2.589571058532233e-09
-2.4736917226511786e-13,4.9634073933913e-09
-2.5310686495924306e-05,2.5246997766210355e-09
-2.5310686495924306e-05,2.5246997766210355e-09
-2.5310686495924306e-05,2.5246997766210355e-09
-2.5310686495924306e-05,2.5246997766210355e-09
-2.5310686495924306e-05,2.5246997766210355e-09
-2.311800754897352e-13,4.789160112873807e-09
-2.531068650960071e-05,2.6831063953666507e-09
-2.5310686480116577e-05,2.355732716735026e-09
-2.6497414898634004e-13,5.1195510600429e-09
-2.640078402475852e-13,5.109744936036362e-09
-2.5310686463613973e-05,2.207132222370243e-09
-2.531068644838063e-05,2.0524971899592206e-09
-2.5310686463476943e-05,2.2139210775290506e-09
-2.5310686463476943e-05,2.2139210775290506e-09
-2.5310686463476943e-05,2.2139210775290506e-09
-2.5310686463476943e-05,2.2139210775290506e-09
-2.775490713722694e-13,5.233452961809826e-09
-2.775490713722694e-13,5.233452961809826e-09
-2.5310686425583895e-05,1.911439868695585e-09
-2.62282549330509e-13,5.115025156909205e-09
-2.531068645989313e-05,2.195063146954357e-09
-2.531068647658519e-05,2.3067020964767025e-09
-2.531068647658519e-05,2.3067020964767025e-09
-2.531068647658519e-05,2.3067020964767025e-09
-4.302255674924673e-13,6.329475893446642e-09
-2.5310686457238837e-05,2.1867656576825456e-09
-2.5310686457238837e-05,2.1867656576825456e-09
-2.5310686388485654e-05,1.7258778322720206e-09
-2.5310686388485654e-05,1.7258778322720206e-09
-2.5310686429325087e-05,2.011009744151075e-09
-2.5310686429325087e-05,2.011009744151075e-09
-2.5310686464415412e-05,2.2365505946660444e-09
-2.5310686464415412e-05,2.2365505946660444e-09
-2.5310686464415412e-05,2.2365505946660444e-09
-2.5310686464415412e-05,2.2365505946660444e-09
-2.5310686442060122e-05,2.101527811463559e-09
-2.5310686442060122e-05,2.101527811463559e-09
-2.5310686442060122e-05,2.101527811463559e-09
-2.5310686442060122e-05,2.101527811463559e-09
-4.0051400306624803e-13,6.154474297446928e-09
-4.0801733422803735e-13,6.154474296303128e-09
-2.5310686395830067e-05,1.8224304382241894e-09
-2.5310686395830067e-05,1.8224304382241894e-09
-2.5310686395830067e-05,1.8224304382241894e-09
-2.5310686276526692e-05,1.157122647727803e-09
-2.5310686276526692e-05,1.157122647727803e-09
-2.5310686284672242e-05,1.2023816810908694e-09
-4.281500182873061e-13,6.243483727335731e-09
2.531068546938647e-05,1.1115618717803492e-08
-2.5310686251161308e-05,1.0334146238193373e-09
-2.5310686330853793e-05,1.4430088745102677e-09
-2.5310686330853793e-05,1.4430088745102677e-09
-5.021326711092226e-13,6.658358199942574e-09
-5.149018215380892e-13,6.7224751636404836e-09
-5.149018215380892e-13,6.7224751636404836e-09
-4.802095644686113e-13,6.558034010084554e-09
-2.53106863487321e-05,1.5395614789464742e-09
-4.888806712428397e-13,6.56934876706691e-09
-2.53106861947627e-05,8.214514879738944e-10
-5.193777721418424e-13,6.702108596934768e-09
-4.750898466136539e-13,6.527107003899381e-09
-2.5310686212405136e-05,8.855684505360778e-10
-4.171402501575768e-13,6.260833026274524e-09
-3.8262079119747057e-13,6.0654648653734455e-09
-3.9923793437868227e-13,6.14014226976099e-09
-3.9404909524709715e-13,6.150702712439356e-09
-2.5310686293628816e-05,1.2913911148421087e-09
-2.5310686293628816e-05,1.2913911148421087e-09
-2.531068627422783e-05,1.2046446349942025e-09
-2.531068627422783e-05,1.2046446349942025e-09
-4.928920735913691e-13,6.6100818978433505e-09
-2.5310686113595802e-05,4.98603721600386e-10
-2.5310686113595802e-05,4.98603721600386e-10
-4.613624613640857e-13,6.478076385534513e-09
-2.5310686226149628e-05,9.956987665245377e-10
-6.100125253831381e-13,7.156961880621788e-09
-6.17515856438628e-13,7.156961878917829e-09
-6.17515856434317e-13,7.156961878898598e-09
-2.5310686275795076e-05,1.2031360002320254e-09
-5.434636810399459e-13,6.833359793682734e-09
-6.381440548783399e-13,7.262566289914384e-09
2.531068488851098e-05,1.3753466023532061e-08
-2.5310686156590188e-05,7.143384465945398e-10
-2.5310686345992345e-05,1.4128361803560948e-09
-2.5310686345992345e-05,1.4128361803560948e-09
-2.5310686345992345e-05,1.4128361803560948e-09
-7.989495736271824e-13,7.851688028308787e-09
-8.064529046217913e-13,7.851688026355048e-09
-9.412653626363413e-13,8.338222624058743e-09
-2.5310686343669463e-05,1.3811548559224947e-09
-2.5310686431637703e-05,1.68967059237602e-09
-9.512737142057179e-13,8.357080552876082e-09
-9.500871531837544e-13,8.352554649622016e-09
-9.602795006380654e-13,8.391779144502761e-09
-9.480186851740322e-13,8.346520112080853e-09
-9.043958514216594e-13,8.184341912437043e-09
-2.5310686320435217e-05,1.2770590799244749e-09
-9.02955431237272e-13,8.179061691990537e-09
-8.954521002634555e-13,8.179061694022766e-09
-9.029554312533263e-13,8.179061692050915e-09
-9.029554312533263e-13,8.179061692050915e-09
0.0005568143999724179,4.715702681032589e-06
0.022130133592840596,0.0008272900393493316
0.04647107027722292,0.0020998000101652187
0.054502935962153685,0.002621611378334509
0.06220701374033918,0.0034095011399285914
0.07219890801653939,0.004875455463697645
0.0801582836116817,0.0058839972288955
0.08663273152323779,0.006512130070107835
0.0997366394063491,0.0077409620923982545
0.1076942336072431,0.008230767872880254
0.11485569465513995,0.008333106220111169
0.1183729455393102,0.008252021340236036
0.12128051281893726,0.008118961069012668
0.12889589951042807,0.007464324051182099
0.14999056329936147,0.005025450346942209
0.16160679507239864,0.003478016074835174
0.1801632215688203,0.0009347046448399279
0.20501934503154973,-0.0024302271043619627
0.23521347090802067,-0.0063596961258293614
0.2604631310268502,-0.009645426037419377
0.2756963353766297,-0.011642744023379569
0.2955285413030333,-0.014192350511460198
0.3282576582002264,-0.018037056281242362
0.3526228974888796,-0.02060980788552637
0.3669315374693285,-0.022004694037014952
0.3854133780581363,-0.02362335193592373
0.4155727171009773,-0.02591331150887798
0.42803698388451633,-0.027178664777288638
0.43584070852856444,-0.028210332145023626
0.4470148202315085,-0.029979266593584453
0.46097343102856836,-0.032714205329932335
0.4827126711958733,-0.038101799989573915
0.49171833491635597,-0.04076170430637183
0.5033928052924831,-0.04455428256305141
0.5174095188900425,-0.04963081554726551
0.538535832157428,-0.05807980577805113
0.5596968993900642,-0.06684917682555976
0.5690729136222543,-0.07073561960646334
0.5925443712053184,-0.08047506432445227
0.6254964074326165,-0.09411307037202676
0.6483088447981566,-0.10345885405459913
0.6578191763768431,-0.10735149057643212
0.6810254152099872,-0.11680409535531738
0.7120564557954869,-0.12911691212139936
0.735136535862995,-0.13806470231840443
0.7495121963030709,-0.14362691366136635
0.7686085789694553,-0.1510166948499572
0.7924403925548803,-0.16026613543379084
0.8253759265906255,-0.1732004444697923
0.8393337463746681,-0.1787876523060583
0.8573814567885333,-0.18614343482679907
0.8801139822482997,-0.1956163270384976
0.9128584412661431,-0.20935762819322182
0.9267771239159578,-0.21523953875267704
0.9452835142057792,-0.22313935736652207
0.968189395256458,-0.23304588043298066
1.0009881021092715,-0.2473044963077412
1.0245785158817828,-0.2576044859538094
1.0339463605368049,-0.2617038383879975
1.0574726136996977,-0.2720241707420272
1.0900656317361757,-0.28637405662977944
1.103546390505147,-0.292249525240674
1.1206992159887637,-0.29958088732247334
1.1420431721739301,-0.30843759849953684
1.1737537534524645,-0.32130035942606605
1.1973925563342052,-0.3308987397009003
1.2113067836548126,-0.3365264811473439
1.2295028725278352,-0.3437850125782943
1.2602676057080684,-0.3555964444669278
1.2824311765233167,-0.36374721485438466
1.2961721505694492,-0.36869395303003766
1.3147695197993112,-0.3753194546561252
1.338378624873548,-0.3836395701346995
1.3715062924365156,-0.3951809620971275
1.3849215403653945,-0.39975621681513523
1.4031909957503452,-0.4058573749326907
1.4240473023511506,-0.41234704314799653
1.4523534122051356,-0.4201379124274029
1.4724648111771297,-0.4249479546852162
1.4798903828305363,-0.42665168022993694
1.4970146939319449,-0.4305643091441599
1.5121439422418839,-0.4338782679347947
1.5193355628120424,-0.43489816051473007
1.5217553367612182,-0.4351189497686553
1.538145893391143,-0.4362069385568482
1.5674506862347455,-0.4386918337290092
1.5866708512949765,-0.441029314521985
1.5972088502442279,-0.44260938717704035
1.6096408961095432,-0.4448272669603067
1.6271032846060864,-0.44906789114596657
1.6282507504413761,-0.4493818341372409
1.6338833778686472,-0.4510416000308541
1.6427074602539011,-0.4539411725078219
1.65644054830539,-0.4591263337906022
1.6740328170718473,-0.46677856651422445
1.6928299643637628,-0.47527502761757273
1.701400578197544,-0.4791734423274418
1.7172351938761052,-0.4867751515887882
1.7421251842705285,-0.5000192628333303
1.7587787072517787,-0.5097965644622158
1.7655479436126487,-0.5140089313268541
1.7754829721017198,-0.5202225663306002
1.774076593514803,-0.5196533843781619
1.772933539069123,-0.5193238694787159
1.7701713509887533,-0.5188171955864143
1.7666155832499844,-0.518526426469663
1.7637560892882955,-0.5185160760575144
1.766253089895931,-0.5183084326487912
1.7685658345503263,-0.518037302369105
1.7795198866033282,-0.5166993955380316
1.812674476745876,-0.5127857862780395
1.8364929704525224,-0.5101021341666706
1.8506347947621347,-0.5085697459852766
1.870116788924291,-0.5065110038973747
1.9050716041422655,-0.5027507048323755
1.928427051361839,-0.5000282355275217
1.9427022236499445,-0.498324609508981
1.9614689113688304,-0.4962446440867346
1.9836141808823489,-0.49410824541422665
1.996289516445485,-0.4929161821835877
1.9960626733297862,-0.49293699802429003
1.9957854699419388,-0.4929629713551539
1.9972458757316864,-0.49281372701179754
1.999357241510132,-0.4925640789367759
2.00103773214147,-0.4923366353311738
2.0023906522496335,-0.49214250464717163
2.00374419902473,-0.49195280194601915
2.0031674151692394,-0.49203163126386934
2.002615631754014,-0.4921064669688408
2.00241489035571,-0.49213298611345846
2.005556852712491,-0.4917619106589178
2.021749556222539,-0.4904342755772309
2.0254416134814406,-0.49027820363265834
2.0344470834939363,-0.4899740646520821
2.0536241453969697,-0.48940558122275285
2.088316280988189,-0.48863549234072423
2.1120822565457065,-0.48846034298656305
2.1263574523151902,-0.4884902552939305
2.1460487142907296,-0.48862257361757827
2.171460079235607,-0.48879120554326766
2.2070716232048837,-0.4889960235444196
2.2320023498590693,-0.48910240019717494
2.2408609649752425,-0.48905531906743427
2.2652844885087577,-0.48880817994112263
2.294659805825064,-0.4881155915725226
2.3017723943248827,-0.4875227581406321
2.3045099390872013,-0.48718043704323344
2.3203701844984828,-0.4849119690588932
2.345705560590985,-0.48114186394637043
2.365319355108418,-0.47868764788051266
2.3695747876592863,-0.47825365324350605
2.37183967539025,-0.4780100021686338
2.3812775114461013,-0.47678694071832467
2.404247137861723,-0.4736374093937102
2.414276195785207,-0.4722521540985946
2.4206471132468454,-0.4712197488128069
2.429254658598029,-0.46960633077715636
2.4385193102870706,-0.467790869988975
2.4445919345728875,-0.46653504328754175
2.453959526036445,-0.46446922814016156
2.467068001320282,-0.46162027233239916
2.496085038626813,-0.45625565825199205
2.5078410781789104,-0.45460965243141177
2.5234527594870335,-0.45278870858757625
2.546474529669086,-0.4505131568326604
2.5805868994980012,-0.44697108404523517
2.604801150540787,-0.4441840843500789
2.613613423813391,-0.44305705267337403
2.6364728193617424,-0.4398506770943579
2.6681359472598474,-0.4347714824857312
2.691021146149295,-0.4306107410737902
2.7047854017215998,-0.4279339660167554
2.723061689020523,-0.42419988291354627
2.755720735819799,-0.41703757979605205
2.779347528633732,-0.41158581219916063
2.794113349711541,-0.4081464059403707
2.8141066483171477,-0.4034962069365915
2.8488454408066777,-0.3954309510692325
2.871379192901157,-0.39043032731258437
2.878640495478393,-0.38919633160919287
2.890077006383917,-0.38730761114733486
2.8948557676470124,-0.3862875543633688
2.895560699218228,-0.386003637276549
2.9056630520107456,-0.38202308338981344
2.9206095784305792,-0.37639667883286454
2.9382140642103325,-0.370464618544541
2.9640141948055834,-0.36301936223628384
2.9749226741378405,-0.36021472294175183
2.98863480024336,-0.3570564798150732
2.9943089078150726,-0.3560042998641348
2.9877223912452697,-0.35771848276248985
2.980850841007218,-0.36007222508391074
2.983925509195428,-0.3589004414866964
2.9990763368274918,-0.35338776942544464
3.0286607075467065,-0.3434583316609142
3.0449888076452303,-0.33879182506175026
3.050860337350105,-0.3374453361233215
3.061114646306068,-0.33541560440399765
3.065910904084503,-0.3345478212740267
3.0637689582329033,-0.3353938814740011
3.0714825690604437,-0.3316940925393093
3.089169706214663,-0.3229805294137133
3.118306076514488,-0.30836027801310884
3.133281420312479,-0.29988069299738274
3.1415229486333702,-0.29458693706849204
3.1477730565196937,-0.29006014362573024
3.1485815944876876,-0.2894085626244001
3.1571513626789116,-0.281304606176648
3.1705963146745524,-0.26919153731833206
3.1762953695049996,-0.2642894785496015
3.1907925289612002,-0.2523112568105892
3.212450235361555,-0.23542766331480844
3.225098695737773,-0.2259271091873437
3.223890030802152,-0.2268877945908632
3.2193163239875098,-0.23076845915283084
3.2117483397098847,-0.23822774653468493
3.2097771442119787,-0.24060365038207016
3.2101043935579616,-0.2400918777452657
3.2170795439206574,-0.22769579635951542
3.2327059849449578,-0.19986820790775303
3.2439779373338964,-0.18139565994847354
3.2505812668510257,-0.17122791581309343
3.259650506439215,-0.15802124929294886
3.277251968511937,-0.1343336025338613
3.2915800724155195,-0.11594591834645902
3.3004245440829836,-0.10486994644096136
3.312389567707459,-0.09016523782041057
3.3274629454228903,-0.07218485968421351
3.3471980122312823,-0.04993896024892752
3.3621102108151226,-0.03432670030459944
3.36806847796119,-0.028365327451466173
3.3826147360329206,-0.01453636113463748
3.4060952248878573,0.006516654544738239
3.423901964718048,0.021949692391595235
3.4300374271718517,0.027041125980425917
3.4470261276519145,0.040648974682529856
3.470078324967035,0.05778663955150782
3.478965591329919,0.0637568935586319
3.4954195770908583,0.07400990734063904
3.509185055083935,0.08195587989873483
3.5320819368543828,0.09359482903903672
3.541538179587535,0.09774470207488241
3.559129731029743,0.10467063443764904
3.5719935141551034,0.10905373151012082
3.5875587681717604,0.11334943019235325
3.600459417850211,0.11607355379151721
3.6034536140263738,0.11658333160050571
3.6068074706710496,0.11708740385773343
3.613499166090521,0.1178240071615896
3.617686695419757,0.11816672212998068
3.6233696261551063,0.11853464929418245
3.624937371383119,0.11860364106903964
3.6306550875793544,0.11877008854835737
3.6349065625699155,0.11884446976037875
3.643601160752308,0.11930352848416974
3.6515072025116098,0.11980995406761369
3.672414006084651,0.12126271443667289
3.6994791734424144,0.12315731631613783
3.7126391371317276,0.12332652690263099
3.7180799741320274,0.12322428450675653
3.736945718219561,0.12245502156789398
3.7415957610309882,0.12219753597437782
3.741166134580196,0.12222127257992572
3.740761782502321,0.1222436532236939
3.7402563437505916,0.12227165332922273
3.739346554916419,0.12232207008302522
3.740889391673241,0.12226245716399203
3.747494683612576,0.12215983099245313
3.7520758399247485,0.12218300953023772
3.7576414313563524,0.12235422809978069
3.7765114973923213,0.1235262995305139
3.7860232015778736,0.1242876632473641
3.7895781829926474,0.12460149274467106
3.8106041995692794,0.1267385918746752
3.844248805381788,0.13037334370143935
3.855210005050159,0.13165035836495734
3.8571433386720986,0.13189636930228768
3.8655184334900947,0.1328430842626345
3.865907544706828,0.13297445444567585
3.8767983677573707,0.13504596523454424
3.885487360805969,0.13648834738823867
3.9013901342649198,0.13898515451405194
3.9104702875193045,0.14054063110605308
3.907393576218435,0.13970207239463106
3.903422927978267,0.13849196506991762
3.8982463003523273,0.1367350507385489
3.892977831122041,0.13464100530381
3.8967967451811063,0.1361337373445875
3.9002272011662655,0.13743805142955492
3.9069774551082044,0.13998142829106008
3.9121451677482346,0.14184189857777102
3.911906592700936,0.1417573703376357
3.911763513716669,0.14170646734507109
3.9115251796750083,0.14162126216002846
3.9115728213028635,0.14163837357978015
3.911429712677069,0.1415875526759991
3.911072143605687,0.1414599348906617
3.9105953313769906,0.14128992773115664
3.9099516030484756,0.14106050732201839
3.9091648004820767,0.14078017054101508
3.908807163055798,0.14065274443981013
3.9086877088090297,0.14061093948336792
3.9109604741265502,0.14147032972368223
3.9115264581709766,0.1416909321685529
3.9112670089098884,0.14158992531665246
3.9111725746245174,0.14155342518988426
3.9107710299723593,0.14139881553793734
3.9110314296339808,0.14149734585434803
3.9109365240536555,0.1414620884910345
3.9109840317672937,0.14147956820848565
3.9109602482938763,0.14147090926879674
3.9108650762941592,0.14143637835353748
3.9100796608800255,0.14115218025426163
3.9116839536227355,0.14170175887022837
3.920368936055608,0.14418823910407078
3.9309628598658546,0.14644801054586296
3.9366415912152783,0.14760348240801224
3.9378670630365082,0.14791938733952387
3.94155591170228,0.14881711854236318
3.9479357069936256,0.15021001851747998
3.96660360109213,0.1536436332256714
3.984495625717323,0.15618437417040332
3.990959156855642,0.15711481317132223
3.9922114427045337,0.15730418016226558
3.9896915128463317,0.1565467693476618
3.985076341437491,0.15479832430832338
3.9813845866970423,0.1532609059105021
3.976843248221535,0.15126428170560077
3.980056120639954,0.1526344310456151
3.9795887581203755,0.1524399455391014
3.979238228158403,0.15229410080761263
3.978724117880755,0.15208019440052795
3.9780931632381784,0.15181767559293927
3.9778831257063603,0.15172948921892687
3.977321004974634,0.15149922134947794
3.9786904200914943,0.15202816784722412
3.9851827628663,0.15431845356963977
3.994528655113188,0.15800402072817102
3.9965468203841223,0.15888489744975604
3.9977124518721845,0.15937771621053456
4.003939199840726,0.16180151656906797
4.004010262546389,0.16182827120412044
4.005990433380767,0.16260231444006812
4.00742198220431,0.16318063557659165
4.0072110082079515,0.1630947224711833
4.007493699372404,0.1632058164083489
4.008318919505814,0.16352797143319475
4.007964755544104,0.1633911875592976
4.0087684599397,0.16369880756085042
4.025631514910579,0.1697585281667221
4.030011226619425,0.17118613059262225
4.033235040808259,0.17231857736412676
4.033068212013316,0.17225891946826405
4.032949083536109,0.1722162086235229
4.033403270053539,0.17237426410204812
4.033522801929658,0.17241583958000375
4.034437462396073,0.17271327389229912
4.0410374574115,0.17467079240785352
4.050330045870162,0.1769421978199659
4.058491452297106,0.17859566942145105
4.077193107235472,0.18226869783209787
4.096880283371972,0.18604441979386013
4.124886782635766,0.19073678811852712
4.130505939745538,0.19149135197409903
4.1508717669818145,0.19405833541929568
4.166922678686052,0.19624167240960078
4.187015976967802,0.19973581980178803
4.194709144377551,0.20162715223603803
4.210703298059395,0.20589147440466773
4.221221570413107,0.20905578753542142
4.22560750810846,0.21054495053357558
4.225750757307488,0.21059537346474813
4.224748241618595,0.21024177043504375
4.2229825726872745,0.20961686499113077
4.221002757054306,0.20891427622088002
4.216909027736623,0.2075892042503139
4.2069220582393845,0.20441714294821733
4.205066330407368,0.20382168137222106
4.204319563296021,0.20358088136199054
4.209016128473889,0.20525467640508382
4.210176159663078,0.2056934047142605
4.2118474695846375,0.2062814644752273
4.2150438446171155,0.20733796983817732
4.205853437527014,0.2045891121005482
4.2050270827487655,0.20434888943563118
4.20495413411525,0.2043278139886624
4.209054719052067,0.2055452559423188
4.223595594483604,0.21034096138801245
4.224520568105248,0.21068561805957617
4.228879881664852,0.2124631584876875
4.234113239250365,0.21495058907800796
4.244218230043558,0.22112414372706782
4.245855883305891,0.22222675964116592
4.241292841237088,0.21890494392206641
4.239233035103145,0.217306929117316
4.2361511503520655,0.21475890252311747
4.241463606236079,0.22004150474578194
4.256523329465703,0.23515666217786338
4.263444112417048,0.24205261726739208
4.281409819083903,0.2598813608876816
4.306427078275924,0.2845097026848862
4.323875944669826,0.3013101154521715
4.3307682694283995,0.3077989319374811
4.348102182178384,0.323798831323686
4.373270733797647,0.34641967574205756
4.39166993733737,0.3625984500250614
4.40274852390418,0.3721917103941068
4.41686392089318,0.38415319282101906
4.4427338527036495,0.4054544897034527
4.461256683265036,0.4203054469971579
4.479212369149091,0.4341579196711706
4.485964654417739,0.4391598730713298
4.511888914261772,0.45764610736868444
4.532123424598724,0.47168417653492833
4.544527734293339,0.4802242254576867
4.5613455170857025,0.49177147726249887
4.582194573999913,0.5060328677374222
4.611295907605224,0.5257581682878234
4.63120320076413,0.5389255105128803
4.639564277131585,0.5444070093441827
4.660615519366766,0.5581379403391903
4.690707183641445,0.5776986994423705
4.712267362741841,0.5916684015462567
4.72085155986254,0.5972247279993448
4.742384510712174,0.611143329269051
4.772471966502421,0.630524228940805
4.793562334466898,0.6440079443665327
4.80641357996266,0.6521940710240942
4.823265791872322,0.6628616837333244
4.852762730821223,0.6812354109807099
4.87380680619782,0.6940277061903005
4.893829517874922,0.7057658999437536
4.902019737394152,0.7104106133864628
4.927690164979304,0.724018408310085
4.9465362827207535,0.7330682067371987
4.968209933379605,0.743064635406119
4.976599452080125,0.7468104679807719
4.997728589160391,0.7559147961425704
5.027564919663964,0.7680092555803617
5.040383445443395,0.7728959391331757
5.057293439997913,0.7790516938524379
5.077357727448716,0.7857698362491876
5.105704668242472,0.7941537091424857
5.125774998595996,0.7992355771360528
5.13389485436948,0.8010823216827142
5.154265375363872,0.8051822065754135
5.178973608418219,0.808655325156645
5.19822315406874,0.8101985735563985
5.211085730210891,0.8109261824641993
5.224076805920737,0.8116219195188292
5.250518377801915,0.8129489110463402
5.274091471406488,0.8138279904226026
5.2888928758494504,0.8142258813096331
5.305774100730664,0.8143834266361919
5.329211486152885,0.8142740284656317
5.360050991674988,0.8133889743044794
5.380409716841597,0.8120933340684214
5.388122559912892,0.8113875285135937
5.417882702022779,0.8074881306943721
5.431970202217337,0.8053434788589661
5.433777702788536,0.8051111795164692
5.433173104690721,0.8051700395738576
5.431052700784133,0.8053244893609475
5.439377353055904,0.8051226923683212
5.45814532258584,0.804440379745503
5.46651183032208,0.8040048292702359
5.485699003038881,0.8026409740439556
5.511540897818862,0.7998489354264159
5.529741708750524,0.7971471802187498
5.547190562795073,0.7937977716813269
5.554540542579383,0.7922206847139517
5.5809298125355316,0.7862468756822896
5.586667934772753,0.7851268327084385
5.587595399308659,0.7849970900389007
5.587065733128681,0.7850412107374899
5.5905567547023916,0.7849209370971776
5.607771897423772,0.784065628132915
5.617773457594163,0.783409914311319
5.632490165638283,0.7823324258715179
5.65958349955379,0.7801202079628794
5.678735488221043,0.7783233598727153
5.69784720124836,0.7763752930003925
5.704763889976616,0.7755961109767961
5.723532391579933,0.7733121108689156
5.74897265023991,0.7697392626295922
5.768334822100586,0.7667571739556
5.776513635721311,0.7654887011366711
5.7955805110067455,0.7624219180493521
5.819715725845707,0.7580619678479331
5.8426861092597475,0.7538036424188231
5.852584863882075,0.7519346466549902
5.876941734867776,0.7472438204945033
5.911006541562844,0.7404984738020381
5.935664987537141,0.7355057940531045
5.950566287698656,0.7324483841955217
5.970667500126063,0.7282893827344098
6.004606148147819,0.7210564086050791
6.02882478223387,0.7156974058762919
6.053068767579356,0.7102198054579356
6.075324374700174,0.7048013031406467
6.083654805240637,0.7026424023566373
6.116486130904225,0.6938347942585685
6.1310680784637865,0.690284898535151
6.132965060978788,0.6899659297378531
6.1348010534136055,0.6897607132975423
6.1407122721175424,0.6893923994068399
6.147709487241034,0.6889522588435386
6.150209094797373,0.6887768023879155
6.157655962422835,0.6882336160967172
6.1680537256314425,0.6874403223996369
6.175141749053285,0.6868531814408221
6.178117117923851,0.6865937128335902
6.184392324516793,0.6860094173692974
6.194189413358988,0.6850308555048459
6.200151830318746,0.6843729668233466
6.203820949914623,0.6839333664761629
6.209070385931844,0.6832801134879182
6.219363529919183,0.6819605627252069
6.226844294417415,0.6809969115443036
6.232635255992034,0.6801911838690511
6.235139303789242,0.6798223301434821
6.241996265444098,0.6787840472587161
6.252350369007506,0.6771734494088516
6.259976315129367,0.6759736037723847
6.262926067255326,0.6755055158859035
6.270247834045921,0.6743268581640693
6.279661218767279,0.672765052838791
6.286491213151895,0.6715620778875417
6.289254792600344,0.6710562703520121
6.298791642398133,0.6691820989759102
6.303700786685446,0.6681744246646416
6.310284310392996,0.6667653169484459
6.314314129237102,0.665881302818382
6.319549230148072,0.664703992847832
6.328417305731567,0.662610612730876
6.334833994542737,0.6610400979498073
6.334562945294167,0.661103722574136
6.3346865422858585,0.6610765278182226
6.335579372584794,0.6608945831719896
6.3346570066393975,0.661056455186044
6.3331031194158705,0.6612755069910141
6.332148735309051,0.6613947626642657
6.330261090982014,0.661595389083107
6.326298673853394,0.6618941313091283
6.323088741599948,0.6620640713790537
6.32230448539763,0.6620883293751705
6.321570493603077,0.6620891798878124
6.3177500364654495,0.6619917471085934
6.318809313323697,0.6620808846428647
6.319287360301697,0.662133276955476
6.319512421826425,0.662168467983642
6.329319329480064,0.6638321159957017
6.336195723282678,0.6649105551973897
6.336195723282671,0.6649105551973885
6.336768367327807,0.6650152986582692
6.34853439884109,0.6669324498213187
6.3618949402651355,0.6694274333836338
6.36436539402022,0.6699784165661331
6.3686336841104705,0.6711620631805384
6.3838364505555365,0.6754380377282282
6.39873181096214,0.6778211067846064
6.418372923072273,0.680821013411004
6.424299499774273,0.6817479883193693
6.424299439384413,0.6817483852038195
6.415032829491605,0.6803969835506909
6.41009107910695,0.6794239013433928
6.411125325226732,0.6796696812709895
6.4139219569146775,0.6803799317408128
6.422980667433501,0.6824356287743217
6.422945151995367,0.6824764641700974
6.417253052844366,0.6811405338836471
6.415968899152867,0.6808462140275334
6.429595529017188,0.6850122430874439
6.439055443306378,0.6882470877317314
6.443337665945329,0.6897266221679936
6.4588254438999675,0.6951240408584122
6.47119410703905,0.6994732932936979
6.461242353204459,0.6958822326905412
6.462010505786223,0.6962100103089536
6.460596086020941,0.6954738036579222
6.458310816557865,0.6941679413576605
6.453123422409307,0.6908177091512463
6.449018073403961,0.6878995365031754
6.443504673972732,0.6835711438094518
6.43917795449217,0.6794577466077433
6.439550375789289,0.6799997372341036
6.439006789899832,0.6788856327317745
6.440045307033296,0.6818477402358901
6.444806687319679,0.6953591868576775
6.447631583647622,0.7036751514469479
6.442569034693833,0.6880480960723518
6.434816632789657,0.6640336613546145
6.427082292304187,0.6400134035951678
6.4193118226806245,0.6158186536771801
6.413086484792584,0.5964178814544636
6.40531758874759,0.5721428880910092
6.397640689270398,0.5480776425596231
6.389907842372075,0.5238177054285397
6.382217170493565,0.4996771523448311
6.371464474144966,0.46588646772239056
6.3683998390621035,0.456237169982445
6.360764828417917,0.4320789568912222
6.353122364354555,0.40779039570165193
6.345538155393332,0.38353661741582634
6.3392178872193075,0.36352864613796837
6.337238362092487,0.35738548018084065
6.3296872829945325,0.3337583145252469
6.321971244284581,0.30954615084489756
6.314299877936663,0.2853463482947783
6.303668978833879,0.2515967541383651
6.299148258641202,0.23717837394241434
6.293074313558722,0.21778271148187772
6.285514080988017,0.19360099124102714
6.277978660685684,0.16943803857447917
6.270450993477428,0.14524616085148137
6.262899178247473,0.12095576658528182
6.256863813833705,0.10152156001613624
6.249366177328181,0.07732035830613884
6.241912056555912,0.05321166884469784
6.2345138644140725,0.029350625993158623
6.2271193455366,0.005700515762429661
6.219670836883142,-0.01787956249161521
6.213664941572568,-0.036686173246206995
6.206066088100287,-0.06011180461129503
6.19837976019655,-0.08334896385808663
6.190651595849381,-0.10619849041739525
6.1855981593223985,-0.12100170056886964
6.185329028356277,-0.12179240627020438
6.185320869103565,-0.12181636576602321
6.185287975312742,-0.12191211592022592
6.185271381316341,-0.12195994020966085
6.185280071477816,-0.1219361672929146
6.185297561589464,-0.121888663583426
6.1852886366090125,-0.12191234850623875
6.185307073003774,-0.12186520408952085
6.1853167762366,-0.12184182721810839
6.185286604252043,-0.12191150585181175
6.185286604252039,-0.12191150585181856
6.185298693711938,-0.12188925959219366
6.185233236163034,-0.1219975893780035
6.185341239881316,-0.12182631307822832
6.185354707400744,-0.12180486114035934
6.185386490973088,-0.12176544762545907
6.18540338269138,-0.1217465982038046
6.185492246523541,-0.12165651980529368
6.185687301331418,-0.12149519033324581
6.186256076601219,-0.12107265302265388
6.187069021021311,-0.12055905679581326
6.187990537781756,-0.1200821989749035
6.189026298726625,-0.11967390290852069
6.190246306226321,-0.11933903863503541
6.192194032183105,-0.11902094379066888
6.1941382415309665,-0.11889618909347814
6.1969955121592415,-0.1189977177987875
6.200752428131133,-0.11953881850235537
6.204812843472689,-0.12061267068469587
6.209700952403665,-0.12249308342770993
6.214258729642973,-0.12486101014043952
6.217887392186118,-0.1272171451158703
6.222632950879701,-0.13104603831046743
6.227223668968044,-0.1356867344895626
6.2319424589424095,-0.14160103801505555
6.2362451233625675,-0.14845968048992184
6.239804679403291,-0.15581619309093753
6.24237660080381,-0.16271505696435595
6.244706758113671,-0.17167754496718377
6.2461197736705145,-0.18123912114034058
6.246566670151793,-0.1909460418968793
6.2459463121209575,-0.2004900960484144
6.244278849178488,-0.21013893278959853
6.243362799290932,-0.2139536422981214
6.238776353710501,-0.22679052432577773
6.234506132873046,-0.235293210565718
6.229237263600247,-0.243396357109666
6.223133804362351,-0.25092341379389804
6.216222800349553,-0.25778869923950115
6.210166459453925,-0.2628125259258008
6.20217876227845,-0.26816416407648125
6.193440664718529,-0.27280562980066386
6.184358620319065,-0.27639759848751894
6.174944935019951,-0.27899948471361835
6.165358230505517,-0.28057932271540476
6.1575859893188305,-0.28114688128935894
6.14772218421287,-0.28086707370994135
6.138087957625741,-0.2796001177527229
6.1286801661381665,-0.27727583939298917
6.119454551499858,-0.2739195799620707
6.115902072117656,-0.2723154941354814
6.110859986042275,-0.2694785416809875
6.103173599635916,-0.2636599354777092
6.090491347455008,-0.2524031515996593
6.074796443627718,-0.2375045313572523
6.0600140971565635,-0.22261397018665882
6.047545585996514,-0.20953278274396403
6.032229276916059,-0.19280822390624258
6.018487986912186,-0.17728785449318207
6.014197064874224,-0.17171299657293593
6.009923204312322,-0.1651361699333752
6.005547217545272,-0.15660338733263063
6.0020264066812645,-0.14746637031354537
5.9994649684384225,-0.13804040570036688
5.997953415922896,-0.12834016786744187
5.99747489836848,-0.11871167286633552
5.997574191560903,-0.11104382137047679
5.998142082390396,-0.10167136416772203
5.999084088838896,-0.09243057021584271
6.000352491702754,-0.08320328350114212
6.0020034829341276,-0.07419138293927004
6.004153630162872,-0.06520770060113054
6.008233685870746,-0.05286122719345917
6.009203593361747,-0.05049598836828273
6.013252102620643,-0.042166925806631235
6.018189622739934,-0.034152277950700194
6.024264172118195,-0.02637597029641131
6.031018218025617,-0.019426681525796016
6.0369141591918805,-0.01436961918991074
6.044859560147482,-0.0088207959053679
6.048703158451035,-0.0064703786017925305
6.048984994294861,-0.006300569386422902
6.048963314230421,-0.006313630996209155
6.048963314193837,-0.006313630935470379
6.048984994409304,-0.0063005695763819845
6.048963314049027,-0.006313630695116522
6.04898503175532,-0.00630063176908212
6.049006789495557,-0.00628769996395979
6.049072386825411,-0.006249455122311096
6.049116431983583,-0.006224504524541283
6.049094213848769,-0.006236629501433853
6.0490495841429155,-0.006260519096070622
6.04904970499493,-0.006260752401954221
6.049072491355192,-0.006249733661992237
6.049095606374561,-0.006239422176945109
6.049095424413394,-0.0062389828781200685
6.049214300073431,-0.006195594038292565
6.049190124755271,-0.0062030896927305415
6.049165429753485,-0.006208716567756212
6.049264280107939,-0.006186859855725126
6.049389856576492,-0.006170886891970003
6.050373251745162,-0.006086818926720303
6.051866139780905,-0.006080896860033959
6.05221976711317,-0.006103510027204736
6.053251093221879,-0.006217454635919691
6.054495408575671,-0.006447536184663101
6.056428873471374,-0.006956191491650742
6.058752258979709,-0.007748599430467507
6.061552607409652,-0.008923544743917473
6.064210104269033,-0.010229159514317073
6.068001987771508,-0.0124175887059231
6.072261182774083,-0.015290037931577112
6.076413869031708,-0.018525172842126392
6.080842536256839,-0.022532277373047624
6.085155866294767,-0.02702137253778157
6.088748405625939,-0.031241504839345995
6.093570619033412,-0.03774738221505302
6.098079314475341,-0.04483699957193386
6.102445829023782,-0.05289103503821132
6.106248824240042,-0.06133663707736236
6.109735517230969,-0.07078610433415995
6.112080824494901,-0.07851079419102093
6.115747047669732,-0.09609500331999112
6.1163582695059535,-0.10058419709444005
6.117420527183585,-0.11268558065225504
6.1175830458022515,-0.12518607959443614
6.116805990731995,-0.13855086886920792
6.115513148783155,-0.1493811020287195
6.11281674723952,-0.16360324044158542
6.109181244317565,-0.17751101128796387
6.104351878971234,-0.19169314669677195
6.098496439277739,-0.20570304944178558
6.08856751435749,-0.2250677892601985
6.085310617562301,-0.2305812965803254
6.076790410988773,-0.24360613724702299
6.067367497479016,-0.2562164075363622
6.057140074491261,-0.2681156488608744
6.046134905796879,-0.27933521755501306
6.034381539611667,-0.2898442025057511
6.024529267265251,-0.2977035955143478
6.012213201937503,-0.3064569673447383
6.010455879377133,-0.3076536741671898
6.010455879377133,-0.3076536741671898
6.010434938803081,-0.3076678911711736
6.010455879380523,-0.3076536741721824
6.010435017803845,-0.30766800710031406
6.010414174988728,-0.3076823670412161
6.010455578348647,-0.30765324170577224
6.010435012192674,-0.30766799514850396
6.010455341205905,-0.3076529166185692
6.010435092147606,-0.3076681023514116
6.010395480865374,-0.3076996217057508
6.010356619376952,-0.3077320610043464
6.010527504604665,-0.30758143817267425
6.011286791117712,-0.30687410396439024
6.012005687864698,-0.3061612650991935
6.012635396628719,-0.3055027242764258
6.013297711649111,-0.3047708163526498
6.014150338490791,-0.30376820702278484
6.015382321703334,-0.30222561394682607
6.017036176521451,-0.30001750948892164
6.0184741770032,-0.29799651000437316
6.022046179519925,-0.2925608255216829
6.023045378035771,-0.2909467775594717
6.025578469718452,-0.28662274184613357
6.028085675753327,-0.2820224390360687
6.030814538208545,-0.2766238554335336
6.033031958596663,-0.27193301939433323
6.03609281839839,-0.26492903419491226
6.0391625164264555,-0.2572974531344128
6.042221524956211,-0.24890303442082137
6.0451667954852235,-0.24001353412403145
6.047120289874627,-0.2337029174072386
6.047149773672064,-0.23360606288130015
6.047149778837692,-0.23360606445287294
6.047032872590724,-0.23399379412709143
6.046740025233792,-0.2349893521649538
6.046463759967692,-0.235963354444295
6.046236020037478,-0.2367932333805548
6.045971232353845,-0.23779661809168795
6.045718703876944,-0.23880315398882698
6.045495032423021,-0.2397645869505286
6.045201849473637,-0.24122876239613159
6.045109420379615,-0.24177787275948817
6.04498286443106,-0.24265461888970705
6.044877266527178,-0.24366146586965823
6.044825620432825,-0.2445457901661456
6.044819625478822,-0.2454821756872184
6.04487863805132,-0.24654346555305695
6.0450389887253,-0.2479770322258071
6.045413039875149,-0.250069619451626
6.045943321930202,-0.25212811832623516
6.046658464068776,-0.25423721728933296
6.047602668580256,-0.2563652022305707
6.0491573050135115,-0.25914883789772236
6.05069960390372,-0.261435346567774
6.0532859572133875,-0.26461554373764734
6.056941824221984,-0.26829604339069246
6.0610108544762165,-0.27159406225045013
6.065496601413229,-0.27453573764072015
6.069763633581531,-0.2768581990715129
6.075590040312403,-0.2793215394216731
6.082357477622408,-0.281418463491662
6.090728112436976,-0.28317777156085755
6.0999074020891975,-0.2842010311258844
6.109267708290716,-0.28442696009693386
6.117484661228332,-0.28407489638276695
6.127924473942133,-0.28292470254631097
6.130731407664122,-0.28252822575369907
6.130881710598332,-0.28250650621558576
6.130981940317605,-0.28249222037625
6.130931772710585,-0.2824989819876524
6.130906635448091,-0.28250193983793054
6.130906635448098,-0.2825019398379297
6.130906620356735,-0.2825017953076901
6.130906637262643,-0.2825019821456737
6.131285410848489,-0.28247607947958314
6.13222068183444,-0.28242843062024847
6.133080746354902,-0.282399469786554
6.134143676339598,-0.28238448784616693
6.135080139833931,-0.2823906363317664
6.136699448879081,-0.2824332952958349
6.138823206177005,-0.2825324286866105
6.14177781373619,-0.2827316247636844
6.144526738732826,-0.2829651910844632
6.148554723868763,-0.28338361681602614
6.153175898382608,-0.28396101229061765
6.1582610282930315,-0.28469639575709477
6.163354729043692,-0.28554142688679984
6.169276325234779,-0.28664674530466144
6.173988071198527,-0.28760885915389267
6.1809289964782215,-0.2891603997062177
6.1887240875414316,-0.2910608180243293
6.19734426305929,-0.29331218325269093
6.2063257045338105,-0.2957799522413641
6.215938076867434,-0.29852878744592315
6.2239239778131275,-0.30088832801678767
6.23430537561712,-0.30407079436545736
6.245039656504771,-0.3074818945894861
6.256288706586371,-0.3111928928139574
6.267930426692733,-0.3151657800961575
6.279530482077759,-0.31925871992673727
6.295974524513785,-0.3252888648967871
6.300591691651251,-0.3270329278181726
6.312306243686195,-0.3315466981186524
6.323881601953233,-0.33613842177871334
6.33524840022682,-0.34077387628845884
6.346500921056281,-0.3454870394112832
6.355435167637395,-0.349313731861928
6.366627606173851,-0.3542311016166477
6.3779099106720905,-0.35932003818944136
6.389159778419865,-0.3645406671347183
6.400494289051889,-0.36993820523577425
6.411663383951607,-0.37538746644307275
6.420591149916886,-0.3798308229123014
6.4315985223728696,-0.38543432993903437
6.442574139648662,-0.3911547720984815
6.453529299161602,-0.3970222486934555
6.464328029869779,-0.4029656450577051
6.473017159136744,-0.40785923414900493
6.4837138711659765,-0.41403512785602775
6.494345530123584,-0.4203223634416281
6.50487662183371,-0.4266792554954125
6.5152850281956205,-0.43309147382169927
6.5194281004988595,-0.43567948661229267
6.533949049079218,-0.4449188415806803
6.544350410020425,-0.45171991397213146
6.554721582248911,-0.45865838866300496
6.564897817064649,-0.4656140679471086
6.57836373939879,-0.4746175098574176
6.596622890946664,-0.48627995973269394
6.613732283021789,-0.4972034942270837
6.633865316129728,-0.510349805194217
6.653313539540104,-0.5235201992073079
6.672971191013304,-0.5372349330001618
6.688208814096693,-0.5481696107446772
6.707242894897778,-0.5622321571893524
6.726411091433818,-0.5767910545685867
6.733829761095451,-0.5825478254058155
6.7592375030225,-0.6028914927655047
6.77713432521425,-0.6178677429512315
6.788305998381696,-0.6273914992802797
6.814220406945906,-0.6499327257651881
6.821567905892865,-0.6564486592384211
6.846791375180998,-0.679273112108308
6.864684785895054,-0.6958238051462584
6.871950429196731,-0.7026175685114654
6.896929035584033,-0.726302268855466
6.914248779312533,-0.7431632729395891
6.931354310336974,-0.7601698996041131
6.938255735579451,-0.7671209405708468
6.955551076190341,-0.7847240354699613
6.979479075515523,-0.8095050255795476
6.996818956292962,-0.8276640457175723
7.014120506056483,-0.8459293659363675
7.030644212694298,-0.8636750972193316
7.043708234498396,-0.8779664184466764
7.060009080685926,-0.8961217515473696
7.075942220439591,-0.9142650341480126
7.0822730548876915,-0.9215728348085468
7.105539803361309,-0.9485335956523971
7.122297761487709,-0.9679723380580891
7.138687408114534,-0.9870935281352804
7.155379544368781,-1.0066221344511332
7.168745278885324,-1.022301306586113
7.1850837337373585,-1.0415990888374769
7.201274455457216,-1.0609219920747932
7.207459708947452,-1.0684191582739522
7.228851567295891,-1.0949007793272012
7.243059802050117,-1.1132212431326263
7.2565743069263124,-1.131369624540299
7.261820792739891,-1.13866413540417
7.282865671594084,-1.1691000917725942
7.29295889033162,-1.1843946584524856
7.305700342946371,-1.2043071865808983
7.318048562041959,-1.2243469804423917
7.329914851775537,-1.2443822371933846
7.339203831354031,-1.2605879233033979
7.350440818298254,-1.2808961731045803
7.361584783675891,-1.3017447698918367
7.372553777139514,-1.322914301770484
7.381168389565738,-1.3399718335716628
7.391207030069793,-1.3606453334560107
7.4005360898315775,-1.381037671548146
7.4094403175333134,-1.4017016546138272
7.415818811628025,-1.4176048776814933
7.42261112089287,-1.436437266719881
7.426287968368596,-1.4477241880783354
7.4343582868836675,-1.475608932369258
7.439211681536326,-1.4938561543465896
7.444973018839975,-1.5167573229331797
7.450533926711594,-1.5400984745892479
7.455712006280855,-1.5633719089528169
7.459551314529242,-1.5818331829679009
7.46376475199281,-1.604219388520298
7.467463440751404,-1.6264400135273995
7.470927065974587,-1.64964583374855
7.47427592764802,-1.6737632758368515
7.47704296563489,-1.6940262545427047
7.480502665941266,-1.7195081203461748
7.483935701500936,-1.745019130831731
7.487352072191461,-1.769663811740367
7.490174334892119,-1.7886916597133216
7.493897301563717,-1.8116522066370213
7.49795820465865,-1.8345553762519946
7.499721656120505,-1.8439846441995866
7.506173012015933,-1.8763011090753683
7.511203551991248,-1.8996846209522706
7.516517346824445,-1.9231352136237345
7.522146092407351,-1.946954579533257
7.526841976818973,-1.9665730179331558
7.5328006843083175,-1.9915367375607567
7.538606092864841,-2.015339748502463
7.544606095282607,-2.039694446494223
7.549471841020605,-2.059453963742942
7.555581139767077,-2.084407324248652
7.561624855731245,-2.109298521506343
7.567658758200557,-2.134270222874365
7.573669713343044,-2.159299521249777
7.578480464433339,-2.1794630210935777
7.584412933702323,-2.204485027973229
7.590299985911761,-2.2294137427482448
7.5961715524049085,-2.2543721121762625
7.600844033203714,-2.2742562294491506
7.6067353097134385,-2.2993399687658056
7.612559239454314,-2.3241015314868427
7.614889945613236,-2.333979886065022
7.623085236158314,-2.3685061559838885
7.629059508226056,-2.3937003379421484
7.634939075494229,-2.418526787362246
7.640823391202813,-2.4432480528039764
7.645531127859683,-2.4630197933205094
7.651458099427338,-2.4877308654310206
7.657468062590323,-2.5126302285488933
7.663449144981408,-2.537171979285964
7.668328045992532,-2.557240964489005
7.67435721833337,-2.582239838089696
7.680203500058797,-2.6068920852685347
7.686033722618614,-2.6317561667641702
7.691826773355157,-2.656628933012737
7.6963537941832,-2.676261044659492
7.70196843845947,-2.7009411241123935
7.707532621230643,-2.7257364020454222
7.713133270862296,-2.750808829576664
7.717629275310819,-2.7710189107069323
7.72319714990796,-2.7961764120564405
7.728568635587616,-2.820729209851387
7.733811074556777,-2.8451545931482904
7.738086568304334,-2.8651278339768007
7.74329374064222,-2.8893795806420575
7.748547973773151,-2.9136729650657123
7.7538717246744815,-2.9378993734268706
7.758240125746291,-2.9574896015105936
7.7637744519161815,-2.98213593854729
7.7693619968042675,-3.006718353728249
7.77498837893786,-3.0311101150677944
7.779582707285236,-3.050934498396688
7.785386868960803,-3.076012559199025
7.791177884442233,-3.1010417029919917
7.7969489811512815,-3.125789639479488
7.801503900490088,-3.145103366194116
7.807316903035892,-3.1692951410739596
7.813228875924391,-3.1932805046835644
7.8193051537727465,-3.2175380085677183
7.825427022569178,-3.2416012551102966
7.830345061029142,-3.2604858810374044
7.836733567220529,-3.284584490712591
7.843306289583279,-3.3092626868653143
7.849879721939593,-3.333704866957924
7.855106834292203,-3.3528476106359744
7.861764058404214,-3.3768996158361886
7.864402094919534,-3.3862803551577563
7.868562796347409,-3.4010698229483065
7.880806046460413,-3.443690002350222
7.887722884560969,-3.46645433981029
7.895004888695937,-3.4897153129527205
7.902582132278636,-3.513413801898724
7.908651620696408,-3.5319870405667344
7.916412375667822,-3.555199474327881
7.924447617836258,-3.578960488244792
7.93257518096453,-3.6027435923154996
7.93916542662685,-3.6219967138431524
7.947391849824507,-3.6460402596925032
7.955593069493,-3.6699319072493806
7.96389262460878,-3.694057398337598
7.972240248629674,-3.7183804774919094
7.978898628977975,-3.7377707785824734
7.987151773493536,-3.7616980945467158
7.995500361882327,-3.7859405487102724
8.003737552179834,-3.8097662615262897
8.010284867570205,-3.828632602100725
8.018203418515652,-3.851631127132824
8.025978106238709,-3.874705335997418
8.033363151494738,-3.8974285979883967
8.03886328012909,-3.9151468883623584
8.044200722841769,-3.934468516803405
8.048208320976492,-3.9519070506156546
8.05039767125682,-3.9664972927258915
8.051420887204966,-3.9781701087146524
8.052212076882823,-3.9966039385154604
8.052489621609753,-4.017533726016931
8.052144946637126,-4.03889254481878
8.051447025757978,-4.055430694873512
8.050072790074301,-4.078270111279018
8.048329328679012,-4.101236570740589
8.046144479896947,-4.1243941222842695
8.0436579577305,-4.148615684412804
8.041592911007562,-4.1681988188655374
8.03897951257925,-4.192890685616522
8.038068173152379,-4.202795949555375
8.037765087954048,-4.209495447709538
8.037716734708187,-4.209299009075086
8.03760504581957,-4.209044124076709
8.037436898711658,-4.208761493476329
8.035306784961401,-4.205993378873079
8.03257871712349,-4.202633492084256
8.03420716835244,-4.204637015839832
8.047792228600645,-4.22135201092432
8.061950024535939,-4.2389059645044345
8.06765044894954,-4.245982001907596
8.08714589206598,-4.270254158262476
8.100436961504169,-4.286978088682784
8.113597119170631,-4.303869474605525
8.124900635581339,-4.318389185036853
8.137723018061571,-4.334120836369965
8.14010768203739,-4.33645924626147
8.140087331143821,-4.336444197275629
8.141110759568518,-4.336939212649036
8.14071104731176,-4.336779611265117
8.145431128087663,-4.338463539791988
8.144854440314782,-4.338272552191202
8.146994791176493,-4.338888814039333
8.148755377866271,-4.3393592061861375
8.150967164822072,-4.339904188568637
8.151757253520401,-4.340082418288935
8.148753689233118,-4.339631381979619
8.145277717517429,-4.339293900737887
8.142344896738424,-4.339155739064358
8.151317568786364,-4.339626285296746
8.166613831668263,-4.341057202132586
8.186203306123327,-4.343060986192259
8.208592385147188,-4.345030225388734
8.23018860429466,-4.346412018584425
8.25261972699321,-4.3473415449016475
8.27159532796119,-4.347860433019204
8.279945602502202,-4.347744215209509
8.284398285623835,-4.347254686187404
8.291773022312764,-4.345941840906284
8.295054537005912,-4.34519098784413
8.303662111805604,-4.342620927607859
8.302610168202708,-4.342986530700136
8.300896928275321,-4.343607657627389
8.299998617615914,-4.34395128164287
8.300186324347523,-4.343875347275828
8.298393754810945,-4.344640184047356
8.296424826511338,-4.34550727333049
8.294443249895691,-4.346408061881019
8.29276874391965,-4.34718903876704
8.290759572360587,-4.348150419485824
8.288806930458357,-4.349112320740323
8.28756797181673,-4.349747021128405
8.287032617900051,-4.350034052255249
8.287163170100774,-4.349956439545713
8.288243098882226,-4.349296643412523
8.291514120926509,-4.347086547255433
8.29472865621771,-4.3446241389732245
8.29789350544761,-4.3419386618882605
8.299181735908252,-4.3407594765923845
8.298849525487825,-4.341071290212993
8.30058380024916,-4.339262927401351
8.302887404341703,-4.336637566372943
8.303094237196593,-4.336381659579537
8.303805277822805,-4.335459746658228
8.30376009070062,-4.335520769617739
8.302580921940198,-4.337166817535342
8.302520601977486,-4.337248232452466
8.302970834926503,-4.336544732964402
8.301963359728845,-4.338183403933878
8.301090146973968,-4.339637112669796
8.299936517254508,-4.3416013468152865
8.298840434090796,-4.343511193292491
8.297742206249838,-4.34547799149864
8.296880900878799,-4.34705518799995
8.295810077036487,-4.349065762127188
8.294783831099544,-4.351042588053321
8.293758026574363,-4.353076498948561
8.29336480925695,-4.353870320669969
8.292014248517235,-4.356675304544965
8.291052240482534,-4.358740159140583
8.29010364986231,-4.360839016384195
8.289198526828722,-4.362901818535938
8.288501448344675,-4.3645306680630185
8.287606557527525,-4.36668042212754
8.286737160967817,-4.368840609140496
8.285946699424365,-4.370868722378301
8.285309486316512,-4.372549006723388
8.284523944187931,-4.37468722929839
8.283760537843891,-4.376833458296836
8.28303725220743,-4.378940083717046
8.282469272741203,-4.380645016618515
8.281779110289976,-4.382789328910625
8.281110983872708,-4.3849406132716595
8.280488341162336,-4.387026371729619
8.279853718613731,-4.3892404813070565
8.27936741832603,-4.390996760921459
8.278814467220403,-4.393075888454917
8.278258291196451,-4.3952587947892265
8.277727568859396,-4.3974480264340325
8.277325602266933,-4.399173567633664
8.276848040872771,-4.401323180230933
8.27637220081027,-4.403576758319633
8.275927177751214,-4.405810818832982
8.275524862046607,-4.407950027914453
8.275200647371445,-4.409769033074146
8.27481533452621,-4.412065510231243
8.274396218373301,-4.415685483478718
8.274393168377815,-4.416317804241302
8.274399816442443,-4.416367987172802
8.274514801588433,-4.416702063876253
8.274870188434937,-4.417343819143262
8.274960644856806,-4.41746580416748
8.271517858402381,-4.414481526706035
8.259667500187268,-4.405355386248825
8.242431742175484,-4.393082226951071
8.228520823866043,-4.3843964957682875
8.2143689052056,-4.376157161678916
8.218486355601577,-4.378596578621614
8.200091747264281,-4.369095283029559
8.183457702481807,-4.361470296552676
8.166444580944678,-4.354665579696668
8.153384975332202,-4.350150681076225
8.137656910376077,-4.345685625743792
8.121849621545225,-4.342273560527289
8.107539564304101,-4.340266681887733
8.101368057530928,-4.339661396360785
8.078963267149167,-4.3388052122578085
8.070332430138565,-4.3388217615441524
8.068965850432232,-4.338844987559794
8.064665702176292,-4.338993119018826
8.061407129244074,-4.3391980451074295
8.049101750664942,-4.340265051614567
8.030781786078446,-4.3419886311130504
8.01469969649575,-4.343448318768753
7.995031449348016,-4.345157021807047
7.977339952345383,-4.346804913113791
7.959539573012559,-4.348638872964016
7.9448952944779965,-4.350233230351817
7.926052507437796,-4.3523174371654925
7.9073613054935485,-4.354390737644118
7.888898471262041,-4.356456516292638
7.870263392040578,-4.358575940130928
7.851431319072538,-4.360754817514491
7.836272239963273,-4.362527230407651
7.81736829938129,-4.364745413191027
7.798691007838816,-4.366940498012819
7.7800396584644735,-4.369139460790746
7.761213781398612,-4.3713712520389505
7.742288935526189,-4.373628164945258
7.727033650989631,-4.375449177666743
7.715673934417901,-4.376805748120056
7.68966404312013,-4.379927467468091
7.671072681234313,-4.382201372914586
7.644752544271182,-4.3854964358029624
7.633402383574746,-4.386930763572369
7.6182866856102205,-4.388849840301207
7.599630533289934,-4.391217875105759
7.58838193849082,-4.392648360335067
7.562221107932108,-4.395992720852199
7.554740061840411,-4.396954246129312
7.524390041049529,-4.40086246437758
7.516808757247929,-4.401838287840249
7.490626787683312,-4.40521675835025
7.479407592489812,-4.40667739778236
7.453412625749397,-4.410119434865746
7.446012496423044,-4.411113912198917
7.4270501994984475,-4.4136780644566675
7.415663390491596,-4.415222359673343
7.389478631932284,-4.418772716819232
7.363420110229187,-4.422312183158642
7.355996874009342,-4.423324643560915
7.325600019156836,-4.427457683907015
7.318075760999968,-4.428478622280785
7.2918402807729885,-4.432031653388964
7.280729442309126,-4.433539111900875
7.262172022473593,-4.436075163947406
7.235922859089305,-4.439714725575283
7.228477846636148,-4.44075453118445
7.202106507121491,-4.444434359453183
7.190899849055363,-4.445988265283405
7.172196655577527,-4.448578992706682
7.1647756865724554,-4.449607939288168
